prompt,code
get me a rg with name South Johnny in location SouthCentralUS,"
resource ""azurerm_resource_group"" ""example"" {
    name=""South Johnny""
    location =""SouthCentralUS""
}
"
get me a rg with name Port Destinyborough in location SouthCentralUS,"
resource ""azurerm_resource_group"" ""example"" {
    name=""Port Destinyborough""
    location =""SouthCentralUS""
}
"
get me a rg with name Brownfurt in location WestUS,"
resource ""azurerm_resource_group"" ""example"" {
    name=""Brownfurt""
    location =""WestUS""
}
"
get me a rg with name Port Davidmouth in location NorthCentralUS,"
resource ""azurerm_resource_group"" ""example"" {
    name=""Port Davidmouth""
    location =""NorthCentralUS""
}
"
get me a rg with name North Charlottemouth in location WestUS,"
resource ""azurerm_resource_group"" ""example"" {
    name=""North Charlottemouth""
    location =""WestUS""
}
"
get me a rg with name Whiteside in location WestUS,"
resource ""azurerm_resource_group"" ""example"" {
    name=""Whiteside""
    location =""WestUS""
}
"
get me a rg with name Woodberg in location EastUS,"
resource ""azurerm_resource_group"" ""example"" {
    name=""Woodberg""
    location =""EastUS""
}
"
get me a rg with name Hamiltonchester in location SouthCentralUS,"
resource ""azurerm_resource_group"" ""example"" {
    name=""Hamiltonchester""
    location =""SouthCentralUS""
}
"
get me a rg with name Kimfort in location EastUS2,"
resource ""azurerm_resource_group"" ""example"" {
    name=""Kimfort""
    location =""EastUS2""
}
"
get me a rg with name Susanville in location SouthCentralUS,"
resource ""azurerm_resource_group"" ""example"" {
    name=""Susanville""
    location =""SouthCentralUS""
}
"
get me a rg with name New Melindaville in location SouthCentralUS,"
resource ""azurerm_resource_group"" ""example"" {
    name=""New Melindaville""
    location =""SouthCentralUS""
}
"
get me a rg with name Timothyton in location EastUS2,"
resource ""azurerm_resource_group"" ""example"" {
    name=""Timothyton""
    location =""EastUS2""
}
"
get me a rg with name Dustinchester in location SouthCentralUS,"
resource ""azurerm_resource_group"" ""example"" {
    name=""Dustinchester""
    location =""SouthCentralUS""
}
"
get me a rg with name Paulaside in location SouthCentralUS,"
resource ""azurerm_resource_group"" ""example"" {
    name=""Paulaside""
    location =""SouthCentralUS""
}
"
get me a rg with name West Dianamouth in location NorthCentralUS,"
resource ""azurerm_resource_group"" ""example"" {
    name=""West Dianamouth""
    location =""NorthCentralUS""
}
"
get me a rg with name New Scott in location EastUS2,"
resource ""azurerm_resource_group"" ""example"" {
    name=""New Scott""
    location =""EastUS2""
}
"
get me a rg with name West Luis in location NorthCentralUS,"
resource ""azurerm_resource_group"" ""example"" {
    name=""West Luis""
    location =""NorthCentralUS""
}
"
get me a rg with name North Amymouth in location EastUS,"
resource ""azurerm_resource_group"" ""example"" {
    name=""North Amymouth""
    location =""EastUS""
}
"
get me a rg with name West Kenneth in location WestUS,"
resource ""azurerm_resource_group"" ""example"" {
    name=""West Kenneth""
    location =""WestUS""
}
"
get me a rg with name Virginiaborough in location SouthCentralUS,"
resource ""azurerm_resource_group"" ""example"" {
    name=""Virginiaborough""
    location =""SouthCentralUS""
}
"
get me a rg with name South Steven in location EastUS2,"
resource ""azurerm_resource_group"" ""example"" {
    name=""South Steven""
    location =""EastUS2""
}
"
get me a rg with name Kristinamouth in location WestUS,"
resource ""azurerm_resource_group"" ""example"" {
    name=""Kristinamouth""
    location =""WestUS""
}
"
get me a rg with name Robertview in location EastUS,"
resource ""azurerm_resource_group"" ""example"" {
    name=""Robertview""
    location =""EastUS""
}
"
get me a rg with name Tamaraport in location SouthCentralUS,"
resource ""azurerm_resource_group"" ""example"" {
    name=""Tamaraport""
    location =""SouthCentralUS""
}
"
get me a rg with name North Loriton in location WestUS,"
resource ""azurerm_resource_group"" ""example"" {
    name=""North Loriton""
    location =""WestUS""
}
"
get me a rg with name Port Margaretland in location EastUS,"
resource ""azurerm_resource_group"" ""example"" {
    name=""Port Margaretland""
    location =""EastUS""
}
"
get me a rg with name Johnfurt in location NorthCentralUS,"
resource ""azurerm_resource_group"" ""example"" {
    name=""Johnfurt""
    location =""NorthCentralUS""
}
"
get me a rg with name Hollowayfurt in location NorthCentralUS,"
resource ""azurerm_resource_group"" ""example"" {
    name=""Hollowayfurt""
    location =""NorthCentralUS""
}
"
get me a rg with name North Jasonburgh in location WestUS,"
resource ""azurerm_resource_group"" ""example"" {
    name=""North Jasonburgh""
    location =""WestUS""
}
"
get me a rg with name East Amandaside in location EastUS2,"
resource ""azurerm_resource_group"" ""example"" {
    name=""East Amandaside""
    location =""EastUS2""
}
"
get me a rg with name Mccormickview in location EastUS2,"
resource ""azurerm_resource_group"" ""example"" {
    name=""Mccormickview""
    location =""EastUS2""
}
"
get me a rg with name Dorseyshire in location WestUS,"
resource ""azurerm_resource_group"" ""example"" {
    name=""Dorseyshire""
    location =""WestUS""
}
"
get me a rg with name Alexhaven in location NorthCentralUS,"
resource ""azurerm_resource_group"" ""example"" {
    name=""Alexhaven""
    location =""NorthCentralUS""
}
"
get me a rg with name West Emilytown in location NorthCentralUS,"
resource ""azurerm_resource_group"" ""example"" {
    name=""West Emilytown""
    location =""NorthCentralUS""
}
"
get me a rg with name Leslieside in location NorthCentralUS,"
resource ""azurerm_resource_group"" ""example"" {
    name=""Leslieside""
    location =""NorthCentralUS""
}
"
get me a rg with name North Sarahchester in location NorthCentralUS,"
resource ""azurerm_resource_group"" ""example"" {
    name=""North Sarahchester""
    location =""NorthCentralUS""
}
"
get me a rg with name East Jeffreyview in location SouthCentralUS,"
resource ""azurerm_resource_group"" ""example"" {
    name=""East Jeffreyview""
    location =""SouthCentralUS""
}
"
get me a rg with name Carmenburgh in location SouthCentralUS,"
resource ""azurerm_resource_group"" ""example"" {
    name=""Carmenburgh""
    location =""SouthCentralUS""
}
"
get me a rg with name Sheliamouth in location EastUS,"
resource ""azurerm_resource_group"" ""example"" {
    name=""Sheliamouth""
    location =""EastUS""
}
"
get me a rg with name New Gabrielleburgh in location EastUS2,"
resource ""azurerm_resource_group"" ""example"" {
    name=""New Gabrielleburgh""
    location =""EastUS2""
}
"
get me a rg with name New Andre in location WestUS,"
resource ""azurerm_resource_group"" ""example"" {
    name=""New Andre""
    location =""WestUS""
}
"
get me a rg with name Youngview in location WestUS,"
resource ""azurerm_resource_group"" ""example"" {
    name=""Youngview""
    location =""WestUS""
}
"
get me a rg with name Garciaport in location NorthCentralUS,"
resource ""azurerm_resource_group"" ""example"" {
    name=""Garciaport""
    location =""NorthCentralUS""
}
"
get me a rg with name South Teresabury in location EastUS2,"
resource ""azurerm_resource_group"" ""example"" {
    name=""South Teresabury""
    location =""EastUS2""
}
"
get me a rg with name North Charles in location WestUS,"
resource ""azurerm_resource_group"" ""example"" {
    name=""North Charles""
    location =""WestUS""
}
"
get me a rg with name Port Jasmine in location EastUS,"
resource ""azurerm_resource_group"" ""example"" {
    name=""Port Jasmine""
    location =""EastUS""
}
"
get me a rg with name Simonburgh in location EastUS,"
resource ""azurerm_resource_group"" ""example"" {
    name=""Simonburgh""
    location =""EastUS""
}
"
get me a rg with name East David in location EastUS2,"
resource ""azurerm_resource_group"" ""example"" {
    name=""East David""
    location =""EastUS2""
}
"
get me a rg with name Wernertown in location NorthCentralUS,"
resource ""azurerm_resource_group"" ""example"" {
    name=""Wernertown""
    location =""NorthCentralUS""
}
"
get me a rg with name Christopherville in location EastUS,"
resource ""azurerm_resource_group"" ""example"" {
    name=""Christopherville""
    location =""EastUS""
}
"
get me a rg with name Steeleview in location EastUS,"
resource ""azurerm_resource_group"" ""example"" {
    name=""Steeleview""
    location =""EastUS""
}
"
get me a rg with name Maryshire in location SouthCentralUS,"
resource ""azurerm_resource_group"" ""example"" {
    name=""Maryshire""
    location =""SouthCentralUS""
}
"
get me a rg with name Lake William in location SouthCentralUS,"
resource ""azurerm_resource_group"" ""example"" {
    name=""Lake William""
    location =""SouthCentralUS""
}
"
get me a rg with name Carolport in location NorthCentralUS,"
resource ""azurerm_resource_group"" ""example"" {
    name=""Carolport""
    location =""NorthCentralUS""
}
"
get me a rg with name Lake Anthony in location WestUS,"
resource ""azurerm_resource_group"" ""example"" {
    name=""Lake Anthony""
    location =""WestUS""
}
"
get me a rg with name South Danielburgh in location EastUS2,"
resource ""azurerm_resource_group"" ""example"" {
    name=""South Danielburgh""
    location =""EastUS2""
}
"
get me a rg with name South Brenda in location EastUS,"
resource ""azurerm_resource_group"" ""example"" {
    name=""South Brenda""
    location =""EastUS""
}
"
get me a rg with name Amberfort in location NorthCentralUS,"
resource ""azurerm_resource_group"" ""example"" {
    name=""Amberfort""
    location =""NorthCentralUS""
}
"
get me a rg with name Lake Anitaland in location WestUS,"
resource ""azurerm_resource_group"" ""example"" {
    name=""Lake Anitaland""
    location =""WestUS""
}
"
get me a rg with name Karenbury in location EastUS,"
resource ""azurerm_resource_group"" ""example"" {
    name=""Karenbury""
    location =""EastUS""
}
"
get me a rg with name Rogersberg in location EastUS,"
resource ""azurerm_resource_group"" ""example"" {
    name=""Rogersberg""
    location =""EastUS""
}
"
get me a rg with name Kellyberg in location EastUS,"
resource ""azurerm_resource_group"" ""example"" {
    name=""Kellyberg""
    location =""EastUS""
}
"
get me a rg with name Port Christopherstad in location EastUS2,"
resource ""azurerm_resource_group"" ""example"" {
    name=""Port Christopherstad""
    location =""EastUS2""
}
"
get me a rg with name Catherineside in location NorthCentralUS,"
resource ""azurerm_resource_group"" ""example"" {
    name=""Catherineside""
    location =""NorthCentralUS""
}
"
get me a rg with name Boydborough in location EastUS2,"
resource ""azurerm_resource_group"" ""example"" {
    name=""Boydborough""
    location =""EastUS2""
}
"
get me a rg with name East Veronicafurt in location SouthCentralUS,"
resource ""azurerm_resource_group"" ""example"" {
    name=""East Veronicafurt""
    location =""SouthCentralUS""
}
"
get me a rg with name Gayfort in location EastUS2,"
resource ""azurerm_resource_group"" ""example"" {
    name=""Gayfort""
    location =""EastUS2""
}
"
get me a rg with name Lake William in location EastUS2,"
resource ""azurerm_resource_group"" ""example"" {
    name=""Lake William""
    location =""EastUS2""
}
"
get me a rg with name New Kellymouth in location EastUS2,"
resource ""azurerm_resource_group"" ""example"" {
    name=""New Kellymouth""
    location =""EastUS2""
}
"
get me a rg with name Olsonville in location SouthCentralUS,"
resource ""azurerm_resource_group"" ""example"" {
    name=""Olsonville""
    location =""SouthCentralUS""
}
"
get me a rg with name East Carrie in location EastUS2,"
resource ""azurerm_resource_group"" ""example"" {
    name=""East Carrie""
    location =""EastUS2""
}
"
get me a rg with name North Kenneth in location EastUS,"
resource ""azurerm_resource_group"" ""example"" {
    name=""North Kenneth""
    location =""EastUS""
}
"
get me a rg with name Debraville in location WestUS,"
resource ""azurerm_resource_group"" ""example"" {
    name=""Debraville""
    location =""WestUS""
}
"
get me a rg with name Port Jessefurt in location EastUS,"
resource ""azurerm_resource_group"" ""example"" {
    name=""Port Jessefurt""
    location =""EastUS""
}
"
get me a rg with name East Karenstad in location WestUS,"
resource ""azurerm_resource_group"" ""example"" {
    name=""East Karenstad""
    location =""WestUS""
}
"
get me a rg with name West Katrinafort in location NorthCentralUS,"
resource ""azurerm_resource_group"" ""example"" {
    name=""West Katrinafort""
    location =""NorthCentralUS""
}
"
get me a rg with name Port Reneeville in location NorthCentralUS,"
resource ""azurerm_resource_group"" ""example"" {
    name=""Port Reneeville""
    location =""NorthCentralUS""
}
"
get me a rg with name Millerstad in location SouthCentralUS,"
resource ""azurerm_resource_group"" ""example"" {
    name=""Millerstad""
    location =""SouthCentralUS""
}
"
get me a rg with name Hectormouth in location EastUS2,"
resource ""azurerm_resource_group"" ""example"" {
    name=""Hectormouth""
    location =""EastUS2""
}
"
get me a rg with name Port Shawn in location WestUS,"
resource ""azurerm_resource_group"" ""example"" {
    name=""Port Shawn""
    location =""WestUS""
}
"
get me a rg with name Darylburgh in location SouthCentralUS,"
resource ""azurerm_resource_group"" ""example"" {
    name=""Darylburgh""
    location =""SouthCentralUS""
}
"
get me a rg with name Sethview in location EastUS2,"
resource ""azurerm_resource_group"" ""example"" {
    name=""Sethview""
    location =""EastUS2""
}
"
get me a rg with name West Suzanne in location EastUS,"
resource ""azurerm_resource_group"" ""example"" {
    name=""West Suzanne""
    location =""EastUS""
}
"
get me a rg with name West Olivia in location EastUS,"
resource ""azurerm_resource_group"" ""example"" {
    name=""West Olivia""
    location =""EastUS""
}
"
get me a rg with name Lake Cherylshire in location WestUS,"
resource ""azurerm_resource_group"" ""example"" {
    name=""Lake Cherylshire""
    location =""WestUS""
}
"
get me a rg with name New Karenton in location EastUS2,"
resource ""azurerm_resource_group"" ""example"" {
    name=""New Karenton""
    location =""EastUS2""
}
"
get me a rg with name Tamarashire in location EastUS,"
resource ""azurerm_resource_group"" ""example"" {
    name=""Tamarashire""
    location =""EastUS""
}
"
get me a rg with name New Patrick in location WestUS,"
resource ""azurerm_resource_group"" ""example"" {
    name=""New Patrick""
    location =""WestUS""
}
"
get me a rg with name Wongfurt in location EastUS2,"
resource ""azurerm_resource_group"" ""example"" {
    name=""Wongfurt""
    location =""EastUS2""
}
"
get me a rg with name South Jessica in location SouthCentralUS,"
resource ""azurerm_resource_group"" ""example"" {
    name=""South Jessica""
    location =""SouthCentralUS""
}
"
get me a rg with name West Lisa in location NorthCentralUS,"
resource ""azurerm_resource_group"" ""example"" {
    name=""West Lisa""
    location =""NorthCentralUS""
}
"
get me a rg with name Taylorshire in location WestUS,"
resource ""azurerm_resource_group"" ""example"" {
    name=""Taylorshire""
    location =""WestUS""
}
"
get me a rg with name Veronicastad in location WestUS,"
resource ""azurerm_resource_group"" ""example"" {
    name=""Veronicastad""
    location =""WestUS""
}
"
get me a rg with name Danielmouth in location EastUS2,"
resource ""azurerm_resource_group"" ""example"" {
    name=""Danielmouth""
    location =""EastUS2""
}
"
get me a rg with name Alexandriamouth in location SouthCentralUS,"
resource ""azurerm_resource_group"" ""example"" {
    name=""Alexandriamouth""
    location =""SouthCentralUS""
}
"
get me a rg with name Davidton in location NorthCentralUS,"
resource ""azurerm_resource_group"" ""example"" {
    name=""Davidton""
    location =""NorthCentralUS""
}
"
get me a rg with name North Joshuamouth in location NorthCentralUS,"
resource ""azurerm_resource_group"" ""example"" {
    name=""North Joshuamouth""
    location =""NorthCentralUS""
}
"
get me a rg with name Rodriguezview in location WestUS,"
resource ""azurerm_resource_group"" ""example"" {
    name=""Rodriguezview""
    location =""WestUS""
}
"
get me a rg with name Brendabury in location SouthCentralUS,"
resource ""azurerm_resource_group"" ""example"" {
    name=""Brendabury""
    location =""SouthCentralUS""
}
"
get me a rg with name Amberborough in location SouthCentralUS,"
resource ""azurerm_resource_group"" ""example"" {
    name=""Amberborough""
    location =""SouthCentralUS""
}
"
get me a rg with name New Jonfurt in location SouthCentralUS,"
resource ""azurerm_resource_group"" ""example"" {
    name=""New Jonfurt""
    location =""SouthCentralUS""
}
"
get me a rg with name Port Patrick in location NorthCentralUS,"
resource ""azurerm_resource_group"" ""example"" {
    name=""Port Patrick""
    location =""NorthCentralUS""
}
"
get me a rg with name Stanleyhaven in location EastUS,"
resource ""azurerm_resource_group"" ""example"" {
    name=""Stanleyhaven""
    location =""EastUS""
}
"
get me a rg with name Mooreville in location WestUS,"
resource ""azurerm_resource_group"" ""example"" {
    name=""Mooreville""
    location =""WestUS""
}
"
get me a rg with name Russellchester in location SouthCentralUS,"
resource ""azurerm_resource_group"" ""example"" {
    name=""Russellchester""
    location =""SouthCentralUS""
}
"
get me a rg with name North Rachelton in location WestUS,"
resource ""azurerm_resource_group"" ""example"" {
    name=""North Rachelton""
    location =""WestUS""
}
"
get me a rg with name East Crystalton in location NorthCentralUS,"
resource ""azurerm_resource_group"" ""example"" {
    name=""East Crystalton""
    location =""NorthCentralUS""
}
"
get me a rg with name South Samuel in location EastUS2,"
resource ""azurerm_resource_group"" ""example"" {
    name=""South Samuel""
    location =""EastUS2""
}
"
get me a rg with name East Bryan in location NorthCentralUS,"
resource ""azurerm_resource_group"" ""example"" {
    name=""East Bryan""
    location =""NorthCentralUS""
}
"
get me a rg with name South Maria in location EastUS,"
resource ""azurerm_resource_group"" ""example"" {
    name=""South Maria""
    location =""EastUS""
}
"
get me a rg with name East Cherylfurt in location EastUS2,"
resource ""azurerm_resource_group"" ""example"" {
    name=""East Cherylfurt""
    location =""EastUS2""
}
"
get me a rg with name Leebury in location WestUS,"
resource ""azurerm_resource_group"" ""example"" {
    name=""Leebury""
    location =""WestUS""
}
"
get me a rg with name Robertsonfurt in location SouthCentralUS,"
resource ""azurerm_resource_group"" ""example"" {
    name=""Robertsonfurt""
    location =""SouthCentralUS""
}
"
get me a rg with name Lopezchester in location EastUS2,"
resource ""azurerm_resource_group"" ""example"" {
    name=""Lopezchester""
    location =""EastUS2""
}
"
get me a rg with name Randallchester in location SouthCentralUS,"
resource ""azurerm_resource_group"" ""example"" {
    name=""Randallchester""
    location =""SouthCentralUS""
}
"
get me a rg with name East Paul in location EastUS2,"
resource ""azurerm_resource_group"" ""example"" {
    name=""East Paul""
    location =""EastUS2""
}
"
get me a rg with name Cherylstad in location SouthCentralUS,"
resource ""azurerm_resource_group"" ""example"" {
    name=""Cherylstad""
    location =""SouthCentralUS""
}
"
get me a rg with name Toddbury in location SouthCentralUS,"
resource ""azurerm_resource_group"" ""example"" {
    name=""Toddbury""
    location =""SouthCentralUS""
}
"
get me a rg with name Lake Sandrachester in location EastUS2,"
resource ""azurerm_resource_group"" ""example"" {
    name=""Lake Sandrachester""
    location =""EastUS2""
}
"
get me a rg with name East Melaniemouth in location EastUS,"
resource ""azurerm_resource_group"" ""example"" {
    name=""East Melaniemouth""
    location =""EastUS""
}
"
get me a rg with name Mcguirestad in location SouthCentralUS,"
resource ""azurerm_resource_group"" ""example"" {
    name=""Mcguirestad""
    location =""SouthCentralUS""
}
"
get me a rg with name New Margaretshire in location SouthCentralUS,"
resource ""azurerm_resource_group"" ""example"" {
    name=""New Margaretshire""
    location =""SouthCentralUS""
}
"
get me a rg with name East Anne in location SouthCentralUS,"
resource ""azurerm_resource_group"" ""example"" {
    name=""East Anne""
    location =""SouthCentralUS""
}
"
get me a rg with name Rhondaton in location WestUS,"
resource ""azurerm_resource_group"" ""example"" {
    name=""Rhondaton""
    location =""WestUS""
}
"
get me a rg with name Scottport in location NorthCentralUS,"
resource ""azurerm_resource_group"" ""example"" {
    name=""Scottport""
    location =""NorthCentralUS""
}
"
get me a rg with name West Timothy in location EastUS2,"
resource ""azurerm_resource_group"" ""example"" {
    name=""West Timothy""
    location =""EastUS2""
}
"
get me a rg with name Acostaview in location EastUS,"
resource ""azurerm_resource_group"" ""example"" {
    name=""Acostaview""
    location =""EastUS""
}
"
get me a rg with name Port Jasonland in location NorthCentralUS,"
resource ""azurerm_resource_group"" ""example"" {
    name=""Port Jasonland""
    location =""NorthCentralUS""
}
"
get me a rg with name Port Beverlyfort in location SouthCentralUS,"
resource ""azurerm_resource_group"" ""example"" {
    name=""Port Beverlyfort""
    location =""SouthCentralUS""
}
"
get me a rg with name Jordanside in location WestUS,"
resource ""azurerm_resource_group"" ""example"" {
    name=""Jordanside""
    location =""WestUS""
}
"
get me a rg with name Perezhaven in location NorthCentralUS,"
resource ""azurerm_resource_group"" ""example"" {
    name=""Perezhaven""
    location =""NorthCentralUS""
}
"
get me a rg with name Andresstad in location WestUS,"
resource ""azurerm_resource_group"" ""example"" {
    name=""Andresstad""
    location =""WestUS""
}
"
get me a rg with name North Sandraville in location EastUS2,"
resource ""azurerm_resource_group"" ""example"" {
    name=""North Sandraville""
    location =""EastUS2""
}
"
get me a rg with name Wernerland in location EastUS,"
resource ""azurerm_resource_group"" ""example"" {
    name=""Wernerland""
    location =""EastUS""
}
"
get me a rg with name Ericaside in location EastUS2,"
resource ""azurerm_resource_group"" ""example"" {
    name=""Ericaside""
    location =""EastUS2""
}
"
get me a rg with name North Larryburgh in location NorthCentralUS,"
resource ""azurerm_resource_group"" ""example"" {
    name=""North Larryburgh""
    location =""NorthCentralUS""
}
"
get me a rg with name Davidberg in location WestUS,"
resource ""azurerm_resource_group"" ""example"" {
    name=""Davidberg""
    location =""WestUS""
}
"
get me a rg with name East Jeffrey in location NorthCentralUS,"
resource ""azurerm_resource_group"" ""example"" {
    name=""East Jeffrey""
    location =""NorthCentralUS""
}
"
get me a rg with name Jodifort in location WestUS,"
resource ""azurerm_resource_group"" ""example"" {
    name=""Jodifort""
    location =""WestUS""
}
"
get me a rg with name Barkerport in location SouthCentralUS,"
resource ""azurerm_resource_group"" ""example"" {
    name=""Barkerport""
    location =""SouthCentralUS""
}
"
get me a rg with name Lake Markhaven in location EastUS2,"
resource ""azurerm_resource_group"" ""example"" {
    name=""Lake Markhaven""
    location =""EastUS2""
}
"
get me a rg with name South Tyler in location EastUS2,"
resource ""azurerm_resource_group"" ""example"" {
    name=""South Tyler""
    location =""EastUS2""
}
"
get me a rg with name Morrisonmouth in location EastUS,"
resource ""azurerm_resource_group"" ""example"" {
    name=""Morrisonmouth""
    location =""EastUS""
}
"
get me a rg with name Bennettstad in location SouthCentralUS,"
resource ""azurerm_resource_group"" ""example"" {
    name=""Bennettstad""
    location =""SouthCentralUS""
}
"
get me a rg with name New Lonnie in location EastUS,"
resource ""azurerm_resource_group"" ""example"" {
    name=""New Lonnie""
    location =""EastUS""
}
"
get me a rg with name West Michelle in location WestUS,"
resource ""azurerm_resource_group"" ""example"" {
    name=""West Michelle""
    location =""WestUS""
}
"
get me a rg with name Port William in location WestUS,"
resource ""azurerm_resource_group"" ""example"" {
    name=""Port William""
    location =""WestUS""
}
"
get me a rg with name Chambersberg in location EastUS2,"
resource ""azurerm_resource_group"" ""example"" {
    name=""Chambersberg""
    location =""EastUS2""
}
"
get me a rg with name South Robert in location WestUS,"
resource ""azurerm_resource_group"" ""example"" {
    name=""South Robert""
    location =""WestUS""
}
"
get me a rg with name West Alanshire in location NorthCentralUS,"
resource ""azurerm_resource_group"" ""example"" {
    name=""West Alanshire""
    location =""NorthCentralUS""
}
"
get me a rg with name New Kenneth in location EastUS2,"
resource ""azurerm_resource_group"" ""example"" {
    name=""New Kenneth""
    location =""EastUS2""
}
"
get me a rg with name Delacruzside in location WestUS,"
resource ""azurerm_resource_group"" ""example"" {
    name=""Delacruzside""
    location =""WestUS""
}
"
get me a rg with name New Rhondaside in location NorthCentralUS,"
resource ""azurerm_resource_group"" ""example"" {
    name=""New Rhondaside""
    location =""NorthCentralUS""
}
"
get me a rg with name North Samuel in location WestUS,"
resource ""azurerm_resource_group"" ""example"" {
    name=""North Samuel""
    location =""WestUS""
}
"
get me a rg with name Pattersonton in location SouthCentralUS,"
resource ""azurerm_resource_group"" ""example"" {
    name=""Pattersonton""
    location =""SouthCentralUS""
}
"
get me a rg with name West Brandon in location WestUS,"
resource ""azurerm_resource_group"" ""example"" {
    name=""West Brandon""
    location =""WestUS""
}
"
get me a rg with name Thomasville in location SouthCentralUS,"
resource ""azurerm_resource_group"" ""example"" {
    name=""Thomasville""
    location =""SouthCentralUS""
}
"
get me a rg with name Robinport in location WestUS,"
resource ""azurerm_resource_group"" ""example"" {
    name=""Robinport""
    location =""WestUS""
}
"
get me a rg with name Port Calvinberg in location EastUS2,"
resource ""azurerm_resource_group"" ""example"" {
    name=""Port Calvinberg""
    location =""EastUS2""
}
"
get me a rg with name Shawside in location EastUS2,"
resource ""azurerm_resource_group"" ""example"" {
    name=""Shawside""
    location =""EastUS2""
}
"
get me a rg with name Hernandezhaven in location NorthCentralUS,"
resource ""azurerm_resource_group"" ""example"" {
    name=""Hernandezhaven""
    location =""NorthCentralUS""
}
"
get me a rg with name East Lisaville in location EastUS,"
resource ""azurerm_resource_group"" ""example"" {
    name=""East Lisaville""
    location =""EastUS""
}
"
get me a rg with name Cherylhaven in location NorthCentralUS,"
resource ""azurerm_resource_group"" ""example"" {
    name=""Cherylhaven""
    location =""NorthCentralUS""
}
"
get me a rg with name East April in location EastUS2,"
resource ""azurerm_resource_group"" ""example"" {
    name=""East April""
    location =""EastUS2""
}
"
get me a rg with name South Danielleport in location NorthCentralUS,"
resource ""azurerm_resource_group"" ""example"" {
    name=""South Danielleport""
    location =""NorthCentralUS""
}
"
get me a rg with name Lake Timothy in location NorthCentralUS,"
resource ""azurerm_resource_group"" ""example"" {
    name=""Lake Timothy""
    location =""NorthCentralUS""
}
"
get me a rg with name West Kelsey in location SouthCentralUS,"
resource ""azurerm_resource_group"" ""example"" {
    name=""West Kelsey""
    location =""SouthCentralUS""
}
"
get me a rg with name Ronnieland in location SouthCentralUS,"
resource ""azurerm_resource_group"" ""example"" {
    name=""Ronnieland""
    location =""SouthCentralUS""
}
"
get me a rg with name Jacobfort in location EastUS2,"
resource ""azurerm_resource_group"" ""example"" {
    name=""Jacobfort""
    location =""EastUS2""
}
"
get me a rg with name East Nicoleberg in location NorthCentralUS,"
resource ""azurerm_resource_group"" ""example"" {
    name=""East Nicoleberg""
    location =""NorthCentralUS""
}
"
get me a rg with name Brianland in location SouthCentralUS,"
resource ""azurerm_resource_group"" ""example"" {
    name=""Brianland""
    location =""SouthCentralUS""
}
"
get me a rg with name Maryton in location EastUS2,"
resource ""azurerm_resource_group"" ""example"" {
    name=""Maryton""
    location =""EastUS2""
}
"
get me a rg with name Lake Lukehaven in location NorthCentralUS,"
resource ""azurerm_resource_group"" ""example"" {
    name=""Lake Lukehaven""
    location =""NorthCentralUS""
}
"
get me a rg with name South John in location EastUS,"
resource ""azurerm_resource_group"" ""example"" {
    name=""South John""
    location =""EastUS""
}
"
get me a rg with name North Lisamouth in location EastUS2,"
resource ""azurerm_resource_group"" ""example"" {
    name=""North Lisamouth""
    location =""EastUS2""
}
"
get me a rg with name North Zacharyville in location NorthCentralUS,"
resource ""azurerm_resource_group"" ""example"" {
    name=""North Zacharyville""
    location =""NorthCentralUS""
}
"
get me a rg with name Port James in location EastUS2,"
resource ""azurerm_resource_group"" ""example"" {
    name=""Port James""
    location =""EastUS2""
}
"
get me a rg with name Penamouth in location EastUS2,"
resource ""azurerm_resource_group"" ""example"" {
    name=""Penamouth""
    location =""EastUS2""
}
"
get me a rg with name Leonport in location NorthCentralUS,"
resource ""azurerm_resource_group"" ""example"" {
    name=""Leonport""
    location =""NorthCentralUS""
}
"
get me a rg with name South Coreyland in location WestUS,"
resource ""azurerm_resource_group"" ""example"" {
    name=""South Coreyland""
    location =""WestUS""
}
"
get me a rg with name North Christopherburgh in location SouthCentralUS,"
resource ""azurerm_resource_group"" ""example"" {
    name=""North Christopherburgh""
    location =""SouthCentralUS""
}
"
get me a rg with name South Ryanstad in location EastUS2,"
resource ""azurerm_resource_group"" ""example"" {
    name=""South Ryanstad""
    location =""EastUS2""
}
"
get me a rg with name Andrewview in location EastUS,"
resource ""azurerm_resource_group"" ""example"" {
    name=""Andrewview""
    location =""EastUS""
}
"
get me a rg with name Reidport in location EastUS,"
resource ""azurerm_resource_group"" ""example"" {
    name=""Reidport""
    location =""EastUS""
}
"
get me a rg with name West Donnahaven in location WestUS,"
resource ""azurerm_resource_group"" ""example"" {
    name=""West Donnahaven""
    location =""WestUS""
}
"
get me a rg with name Christophermouth in location WestUS,"
resource ""azurerm_resource_group"" ""example"" {
    name=""Christophermouth""
    location =""WestUS""
}
"
get me a rg with name South Stephaniemouth in location WestUS,"
resource ""azurerm_resource_group"" ""example"" {
    name=""South Stephaniemouth""
    location =""WestUS""
}
"
get me a rg with name Butlerburgh in location SouthCentralUS,"
resource ""azurerm_resource_group"" ""example"" {
    name=""Butlerburgh""
    location =""SouthCentralUS""
}
"
get me a rg with name North Ryan in location NorthCentralUS,"
resource ""azurerm_resource_group"" ""example"" {
    name=""North Ryan""
    location =""NorthCentralUS""
}
"
get me a rg with name Port William in location NorthCentralUS,"
resource ""azurerm_resource_group"" ""example"" {
    name=""Port William""
    location =""NorthCentralUS""
}
"
get me a rg with name South Mia in location SouthCentralUS,"
resource ""azurerm_resource_group"" ""example"" {
    name=""South Mia""
    location =""SouthCentralUS""
}
"
get me a rg with name South Johnmouth in location SouthCentralUS,"
resource ""azurerm_resource_group"" ""example"" {
    name=""South Johnmouth""
    location =""SouthCentralUS""
}
"
get me a rg with name North Annestad in location WestUS,"
resource ""azurerm_resource_group"" ""example"" {
    name=""North Annestad""
    location =""WestUS""
}
"
get me a rg with name South Lauren in location EastUS2,"
resource ""azurerm_resource_group"" ""example"" {
    name=""South Lauren""
    location =""EastUS2""
}
"
get me a rg with name Crystalview in location NorthCentralUS,"
resource ""azurerm_resource_group"" ""example"" {
    name=""Crystalview""
    location =""NorthCentralUS""
}
"
get me a rg with name Lake James in location EastUS2,"
resource ""azurerm_resource_group"" ""example"" {
    name=""Lake James""
    location =""EastUS2""
}
"
get me a rg with name West Emilymouth in location SouthCentralUS,"
resource ""azurerm_resource_group"" ""example"" {
    name=""West Emilymouth""
    location =""SouthCentralUS""
}
"
get me a rg with name Lake Paulmouth in location EastUS,"
resource ""azurerm_resource_group"" ""example"" {
    name=""Lake Paulmouth""
    location =""EastUS""
}
"
get me a rg with name Collierbury in location WestUS,"
resource ""azurerm_resource_group"" ""example"" {
    name=""Collierbury""
    location =""WestUS""
}
"
get me a rg with name East Dianeville in location WestUS,"
resource ""azurerm_resource_group"" ""example"" {
    name=""East Dianeville""
    location =""WestUS""
}
"
get me a rg with name Boyleborough in location SouthCentralUS,"
resource ""azurerm_resource_group"" ""example"" {
    name=""Boyleborough""
    location =""SouthCentralUS""
}
"
get me a rg with name West Charlene in location SouthCentralUS,"
resource ""azurerm_resource_group"" ""example"" {
    name=""West Charlene""
    location =""SouthCentralUS""
}
"
get me a rg with name Robertside in location NorthCentralUS,"
resource ""azurerm_resource_group"" ""example"" {
    name=""Robertside""
    location =""NorthCentralUS""
}
"
get me a rg with name Rangelburgh in location NorthCentralUS,"
resource ""azurerm_resource_group"" ""example"" {
    name=""Rangelburgh""
    location =""NorthCentralUS""
}
"
get me a rg with name East Sherri in location NorthCentralUS,"
resource ""azurerm_resource_group"" ""example"" {
    name=""East Sherri""
    location =""NorthCentralUS""
}
"
get me a rg with name Riveramouth in location SouthCentralUS,"
resource ""azurerm_resource_group"" ""example"" {
    name=""Riveramouth""
    location =""SouthCentralUS""
}
"
get me a rg with name New Cheryltown in location SouthCentralUS,"
resource ""azurerm_resource_group"" ""example"" {
    name=""New Cheryltown""
    location =""SouthCentralUS""
}
"
get me a rg with name Vincentside in location WestUS,"
resource ""azurerm_resource_group"" ""example"" {
    name=""Vincentside""
    location =""WestUS""
}
"
get me a rg with name Johnsonmouth in location NorthCentralUS,"
resource ""azurerm_resource_group"" ""example"" {
    name=""Johnsonmouth""
    location =""NorthCentralUS""
}
"
get me a rg with name East Nicoleborough in location SouthCentralUS,"
resource ""azurerm_resource_group"" ""example"" {
    name=""East Nicoleborough""
    location =""SouthCentralUS""
}
"
get me a rg with name New Jeffrey in location SouthCentralUS,"
resource ""azurerm_resource_group"" ""example"" {
    name=""New Jeffrey""
    location =""SouthCentralUS""
}
"
get me a rg with name Charlesmouth in location NorthCentralUS,"
resource ""azurerm_resource_group"" ""example"" {
    name=""Charlesmouth""
    location =""NorthCentralUS""
}
"
get me a rg with name Victoriaton in location EastUS,"
resource ""azurerm_resource_group"" ""example"" {
    name=""Victoriaton""
    location =""EastUS""
}
"
get me a rg with name West Jenniferland in location SouthCentralUS,"
resource ""azurerm_resource_group"" ""example"" {
    name=""West Jenniferland""
    location =""SouthCentralUS""
}
"
get me a rg with name Trantown in location EastUS2,"
resource ""azurerm_resource_group"" ""example"" {
    name=""Trantown""
    location =""EastUS2""
}
"
get me a rg with name South Paulport in location SouthCentralUS,"
resource ""azurerm_resource_group"" ""example"" {
    name=""South Paulport""
    location =""SouthCentralUS""
}
"
get me a rg with name Laurenhaven in location SouthCentralUS,"
resource ""azurerm_resource_group"" ""example"" {
    name=""Laurenhaven""
    location =""SouthCentralUS""
}
"
get me a rg with name South Mariechester in location EastUS2,"
resource ""azurerm_resource_group"" ""example"" {
    name=""South Mariechester""
    location =""EastUS2""
}
"
get me a rg with name Chambersfort in location EastUS2,"
resource ""azurerm_resource_group"" ""example"" {
    name=""Chambersfort""
    location =""EastUS2""
}
"
get me a rg with name Jamesstad in location WestUS,"
resource ""azurerm_resource_group"" ""example"" {
    name=""Jamesstad""
    location =""WestUS""
}
"
get me a rg with name East Ryan in location WestUS,"
resource ""azurerm_resource_group"" ""example"" {
    name=""East Ryan""
    location =""WestUS""
}
"
get me a rg with name Jennifershire in location EastUS2,"
resource ""azurerm_resource_group"" ""example"" {
    name=""Jennifershire""
    location =""EastUS2""
}
"
get me a rg with name West Adamside in location EastUS2,"
resource ""azurerm_resource_group"" ""example"" {
    name=""West Adamside""
    location =""EastUS2""
}
"
get me a rg with name New Mariashire in location EastUS2,"
resource ""azurerm_resource_group"" ""example"" {
    name=""New Mariashire""
    location =""EastUS2""
}
"
get me a rg with name Lewisville in location WestUS,"
resource ""azurerm_resource_group"" ""example"" {
    name=""Lewisville""
    location =""WestUS""
}
"
get me a rg with name Wendyfurt in location NorthCentralUS,"
resource ""azurerm_resource_group"" ""example"" {
    name=""Wendyfurt""
    location =""NorthCentralUS""
}
"
get me a rg with name Lake Mandyborough in location WestUS,"
resource ""azurerm_resource_group"" ""example"" {
    name=""Lake Mandyborough""
    location =""WestUS""
}
"
get me a rg with name Bensonchester in location SouthCentralUS,"
resource ""azurerm_resource_group"" ""example"" {
    name=""Bensonchester""
    location =""SouthCentralUS""
}
"
get me a rg with name Duranville in location SouthCentralUS,"
resource ""azurerm_resource_group"" ""example"" {
    name=""Duranville""
    location =""SouthCentralUS""
}
"
get me a rg with name South Gina in location WestUS,"
resource ""azurerm_resource_group"" ""example"" {
    name=""South Gina""
    location =""WestUS""
}
"
get me a rg with name Joystad in location SouthCentralUS,"
resource ""azurerm_resource_group"" ""example"" {
    name=""Joystad""
    location =""SouthCentralUS""
}
"
get me a rg with name North Stephanieton in location NorthCentralUS,"
resource ""azurerm_resource_group"" ""example"" {
    name=""North Stephanieton""
    location =""NorthCentralUS""
}
"
get me a rg with name Port Melissafort in location EastUS,"
resource ""azurerm_resource_group"" ""example"" {
    name=""Port Melissafort""
    location =""EastUS""
}
"
get me a rg with name Danielshire in location NorthCentralUS,"
resource ""azurerm_resource_group"" ""example"" {
    name=""Danielshire""
    location =""NorthCentralUS""
}
"
get me a rg with name Karenland in location EastUS,"
resource ""azurerm_resource_group"" ""example"" {
    name=""Karenland""
    location =""EastUS""
}
"
get me a rg with name Rhondaberg in location WestUS,"
resource ""azurerm_resource_group"" ""example"" {
    name=""Rhondaberg""
    location =""WestUS""
}
"
get me a rg with name Larsonville in location EastUS,"
resource ""azurerm_resource_group"" ""example"" {
    name=""Larsonville""
    location =""EastUS""
}
"
get me a rg with name Port Coreyhaven in location EastUS,"
resource ""azurerm_resource_group"" ""example"" {
    name=""Port Coreyhaven""
    location =""EastUS""
}
"
get me a rg with name Mcgeebury in location SouthCentralUS,"
resource ""azurerm_resource_group"" ""example"" {
    name=""Mcgeebury""
    location =""SouthCentralUS""
}
"
get me a rg with name Jessicaton in location WestUS,"
resource ""azurerm_resource_group"" ""example"" {
    name=""Jessicaton""
    location =""WestUS""
}
"
get me a rg with name Stephenhaven in location EastUS2,"
resource ""azurerm_resource_group"" ""example"" {
    name=""Stephenhaven""
    location =""EastUS2""
}
"
get me a rg with name South Charleneborough in location EastUS,"
resource ""azurerm_resource_group"" ""example"" {
    name=""South Charleneborough""
    location =""EastUS""
}
"
get me a rg with name New Nicholas in location WestUS,"
resource ""azurerm_resource_group"" ""example"" {
    name=""New Nicholas""
    location =""WestUS""
}
"
get me a rg with name Catherineville in location NorthCentralUS,"
resource ""azurerm_resource_group"" ""example"" {
    name=""Catherineville""
    location =""NorthCentralUS""
}
"
get me a rg with name Leton in location NorthCentralUS,"
resource ""azurerm_resource_group"" ""example"" {
    name=""Leton""
    location =""NorthCentralUS""
}
"
get me a rg with name Joannafort in location NorthCentralUS,"
resource ""azurerm_resource_group"" ""example"" {
    name=""Joannafort""
    location =""NorthCentralUS""
}
"
get me a rg with name South Patrickburgh in location SouthCentralUS,"
resource ""azurerm_resource_group"" ""example"" {
    name=""South Patrickburgh""
    location =""SouthCentralUS""
}
"
get me a rg with name Davismouth in location NorthCentralUS,"
resource ""azurerm_resource_group"" ""example"" {
    name=""Davismouth""
    location =""NorthCentralUS""
}
"
get me a rg with name Ericatown in location EastUS2,"
resource ""azurerm_resource_group"" ""example"" {
    name=""Ericatown""
    location =""EastUS2""
}
"
get me a rg with name Jeffreyview in location EastUS2,"
resource ""azurerm_resource_group"" ""example"" {
    name=""Jeffreyview""
    location =""EastUS2""
}
"
get me a rg with name Davidhaven in location NorthCentralUS,"
resource ""azurerm_resource_group"" ""example"" {
    name=""Davidhaven""
    location =""NorthCentralUS""
}
"
get me a rg with name South Paulchester in location EastUS,"
resource ""azurerm_resource_group"" ""example"" {
    name=""South Paulchester""
    location =""EastUS""
}
"
get me a rg with name Port Briana in location EastUS2,"
resource ""azurerm_resource_group"" ""example"" {
    name=""Port Briana""
    location =""EastUS2""
}
"
get me a rg with name Anthonymouth in location SouthCentralUS,"
resource ""azurerm_resource_group"" ""example"" {
    name=""Anthonymouth""
    location =""SouthCentralUS""
}
"
get me a rg with name Sarahberg in location SouthCentralUS,"
resource ""azurerm_resource_group"" ""example"" {
    name=""Sarahberg""
    location =""SouthCentralUS""
}
"
get me a rg with name Edwardsbury in location NorthCentralUS,"
resource ""azurerm_resource_group"" ""example"" {
    name=""Edwardsbury""
    location =""NorthCentralUS""
}
"
get me a rg with name New Brandihaven in location WestUS,"
resource ""azurerm_resource_group"" ""example"" {
    name=""New Brandihaven""
    location =""WestUS""
}
"
get me a rg with name Dawsonland in location EastUS,"
resource ""azurerm_resource_group"" ""example"" {
    name=""Dawsonland""
    location =""EastUS""
}
"
get me a rg with name Shawnhaven in location EastUS2,"
resource ""azurerm_resource_group"" ""example"" {
    name=""Shawnhaven""
    location =""EastUS2""
}
"
get me a rg with name Lukeside in location WestUS,"
resource ""azurerm_resource_group"" ""example"" {
    name=""Lukeside""
    location =""WestUS""
}
"
get me a rg with name Josechester in location EastUS2,"
resource ""azurerm_resource_group"" ""example"" {
    name=""Josechester""
    location =""EastUS2""
}
"
get me a rg with name Sparksville in location EastUS,"
resource ""azurerm_resource_group"" ""example"" {
    name=""Sparksville""
    location =""EastUS""
}
"
get me a rg with name Lake Christyshire in location WestUS,"
resource ""azurerm_resource_group"" ""example"" {
    name=""Lake Christyshire""
    location =""WestUS""
}
"
get me a rg with name Sydneymouth in location SouthCentralUS,"
resource ""azurerm_resource_group"" ""example"" {
    name=""Sydneymouth""
    location =""SouthCentralUS""
}
"
get me a rg with name Lake Tammy in location EastUS,"
resource ""azurerm_resource_group"" ""example"" {
    name=""Lake Tammy""
    location =""EastUS""
}
"
get me a rg with name Lake Anthony in location NorthCentralUS,"
resource ""azurerm_resource_group"" ""example"" {
    name=""Lake Anthony""
    location =""NorthCentralUS""
}
"
get me a rg with name Adrianhaven in location SouthCentralUS,"
resource ""azurerm_resource_group"" ""example"" {
    name=""Adrianhaven""
    location =""SouthCentralUS""
}
"
get me a rg with name West Brianmouth in location EastUS,"
resource ""azurerm_resource_group"" ""example"" {
    name=""West Brianmouth""
    location =""EastUS""
}
"
get me a rg with name West Robert in location SouthCentralUS,"
resource ""azurerm_resource_group"" ""example"" {
    name=""West Robert""
    location =""SouthCentralUS""
}
"
get me a rg with name North Stevenburgh in location WestUS,"
resource ""azurerm_resource_group"" ""example"" {
    name=""North Stevenburgh""
    location =""WestUS""
}
"
get me a rg with name East Bethany in location WestUS,"
resource ""azurerm_resource_group"" ""example"" {
    name=""East Bethany""
    location =""WestUS""
}
"
get me a rg with name Houstontown in location EastUS,"
resource ""azurerm_resource_group"" ""example"" {
    name=""Houstontown""
    location =""EastUS""
}
"
get me a rg with name Millermouth in location EastUS,"
resource ""azurerm_resource_group"" ""example"" {
    name=""Millermouth""
    location =""EastUS""
}
"
get me a rg with name Port Paigemouth in location SouthCentralUS,"
resource ""azurerm_resource_group"" ""example"" {
    name=""Port Paigemouth""
    location =""SouthCentralUS""
}
"
get me a rg with name West Jessicaberg in location EastUS,"
resource ""azurerm_resource_group"" ""example"" {
    name=""West Jessicaberg""
    location =""EastUS""
}
"
get me a rg with name North Kimberly in location EastUS,"
resource ""azurerm_resource_group"" ""example"" {
    name=""North Kimberly""
    location =""EastUS""
}
"
get me a rg with name East Michael in location WestUS,"
resource ""azurerm_resource_group"" ""example"" {
    name=""East Michael""
    location =""WestUS""
}
"
get me a rg with name Gabrielahaven in location SouthCentralUS,"
resource ""azurerm_resource_group"" ""example"" {
    name=""Gabrielahaven""
    location =""SouthCentralUS""
}
"
get me a rg with name New Peterborough in location EastUS2,"
resource ""azurerm_resource_group"" ""example"" {
    name=""New Peterborough""
    location =""EastUS2""
}
"
get me a rg with name New Jessica in location WestUS,"
resource ""azurerm_resource_group"" ""example"" {
    name=""New Jessica""
    location =""WestUS""
}
"
get me a rg with name South Taylorshire in location WestUS,"
resource ""azurerm_resource_group"" ""example"" {
    name=""South Taylorshire""
    location =""WestUS""
}
"
get me a rg with name West Karen in location EastUS2,"
resource ""azurerm_resource_group"" ""example"" {
    name=""West Karen""
    location =""EastUS2""
}
"
get me a rg with name Kaylafurt in location SouthCentralUS,"
resource ""azurerm_resource_group"" ""example"" {
    name=""Kaylafurt""
    location =""SouthCentralUS""
}
"
get me a rg with name North Shaun in location EastUS2,"
resource ""azurerm_resource_group"" ""example"" {
    name=""North Shaun""
    location =""EastUS2""
}
"
get me a rg with name Arthurfort in location NorthCentralUS,"
resource ""azurerm_resource_group"" ""example"" {
    name=""Arthurfort""
    location =""NorthCentralUS""
}
"
get me a rg with name Arianashire in location WestUS,"
resource ""azurerm_resource_group"" ""example"" {
    name=""Arianashire""
    location =""WestUS""
}
"
get me a rg with name East Ericmouth in location SouthCentralUS,"
resource ""azurerm_resource_group"" ""example"" {
    name=""East Ericmouth""
    location =""SouthCentralUS""
}
"
get me a rg with name New Carolynchester in location EastUS2,"
resource ""azurerm_resource_group"" ""example"" {
    name=""New Carolynchester""
    location =""EastUS2""
}
"
get me a rg with name Smithshire in location EastUS,"
resource ""azurerm_resource_group"" ""example"" {
    name=""Smithshire""
    location =""EastUS""
}
"
get me a rg with name Lisamouth in location SouthCentralUS,"
resource ""azurerm_resource_group"" ""example"" {
    name=""Lisamouth""
    location =""SouthCentralUS""
}
"
get me a rg with name North Kristinton in location EastUS2,"
resource ""azurerm_resource_group"" ""example"" {
    name=""North Kristinton""
    location =""EastUS2""
}
"
get me a rg with name Baileyburgh in location NorthCentralUS,"
resource ""azurerm_resource_group"" ""example"" {
    name=""Baileyburgh""
    location =""NorthCentralUS""
}
"
get me a rg with name Jessicahaven in location WestUS,"
resource ""azurerm_resource_group"" ""example"" {
    name=""Jessicahaven""
    location =""WestUS""
}
"
get me a rg with name New Sheila in location SouthCentralUS,"
resource ""azurerm_resource_group"" ""example"" {
    name=""New Sheila""
    location =""SouthCentralUS""
}
"
get me a rg with name West Steven in location NorthCentralUS,"
resource ""azurerm_resource_group"" ""example"" {
    name=""West Steven""
    location =""NorthCentralUS""
}
"
get me a rg with name South Williamville in location EastUS,"
resource ""azurerm_resource_group"" ""example"" {
    name=""South Williamville""
    location =""EastUS""
}
"
get me a rg with name Port Jamie in location SouthCentralUS,"
resource ""azurerm_resource_group"" ""example"" {
    name=""Port Jamie""
    location =""SouthCentralUS""
}
"
get me a rg with name East Aaron in location WestUS,"
resource ""azurerm_resource_group"" ""example"" {
    name=""East Aaron""
    location =""WestUS""
}
"
get me a rg with name New Christopherside in location SouthCentralUS,"
resource ""azurerm_resource_group"" ""example"" {
    name=""New Christopherside""
    location =""SouthCentralUS""
}
"
get me a rg with name Ashleyfurt in location WestUS,"
resource ""azurerm_resource_group"" ""example"" {
    name=""Ashleyfurt""
    location =""WestUS""
}
"
get me a rg with name North Leslie in location EastUS,"
resource ""azurerm_resource_group"" ""example"" {
    name=""North Leslie""
    location =""EastUS""
}
"
get me a rg with name Port Carlstad in location WestUS,"
resource ""azurerm_resource_group"" ""example"" {
    name=""Port Carlstad""
    location =""WestUS""
}
"
get me a rg with name Beltranstad in location EastUS,"
resource ""azurerm_resource_group"" ""example"" {
    name=""Beltranstad""
    location =""EastUS""
}
"
get me a rg with name Joelhaven in location WestUS,"
resource ""azurerm_resource_group"" ""example"" {
    name=""Joelhaven""
    location =""WestUS""
}
"
get me a rg with name West Austinland in location WestUS,"
resource ""azurerm_resource_group"" ""example"" {
    name=""West Austinland""
    location =""WestUS""
}
"
get me a rg with name East Gregory in location EastUS,"
resource ""azurerm_resource_group"" ""example"" {
    name=""East Gregory""
    location =""EastUS""
}
"
get me a rg with name Barkerchester in location EastUS,"
resource ""azurerm_resource_group"" ""example"" {
    name=""Barkerchester""
    location =""EastUS""
}
"
get me a rg with name New Waynechester in location WestUS,"
resource ""azurerm_resource_group"" ""example"" {
    name=""New Waynechester""
    location =""WestUS""
}
"
get me a rg with name South David in location WestUS,"
resource ""azurerm_resource_group"" ""example"" {
    name=""South David""
    location =""WestUS""
}
"
get me a rg with name North Keithfort in location EastUS,"
resource ""azurerm_resource_group"" ""example"" {
    name=""North Keithfort""
    location =""EastUS""
}
"
get me a rg with name Blackville in location NorthCentralUS,"
resource ""azurerm_resource_group"" ""example"" {
    name=""Blackville""
    location =""NorthCentralUS""
}
"
get me a rg with name Port Michele in location WestUS,"
resource ""azurerm_resource_group"" ""example"" {
    name=""Port Michele""
    location =""WestUS""
}
"
get me a rg with name Nguyenhaven in location EastUS,"
resource ""azurerm_resource_group"" ""example"" {
    name=""Nguyenhaven""
    location =""EastUS""
}
"
get me a rg with name Jasonville in location NorthCentralUS,"
resource ""azurerm_resource_group"" ""example"" {
    name=""Jasonville""
    location =""NorthCentralUS""
}
"
get me a rg with name North Kristopherstad in location WestUS,"
resource ""azurerm_resource_group"" ""example"" {
    name=""North Kristopherstad""
    location =""WestUS""
}
"
get me a rg with name Jasonfurt in location SouthCentralUS,"
resource ""azurerm_resource_group"" ""example"" {
    name=""Jasonfurt""
    location =""SouthCentralUS""
}
"
get me a rg with name Mcdonaldstad in location EastUS,"
resource ""azurerm_resource_group"" ""example"" {
    name=""Mcdonaldstad""
    location =""EastUS""
}
"
get me a rg with name Schaefermouth in location EastUS,"
resource ""azurerm_resource_group"" ""example"" {
    name=""Schaefermouth""
    location =""EastUS""
}
"
get me a rg with name South Sherryland in location SouthCentralUS,"
resource ""azurerm_resource_group"" ""example"" {
    name=""South Sherryland""
    location =""SouthCentralUS""
}
"
get me a rg with name Angelamouth in location SouthCentralUS,"
resource ""azurerm_resource_group"" ""example"" {
    name=""Angelamouth""
    location =""SouthCentralUS""
}
"
get me a rg with name Leahborough in location NorthCentralUS,"
resource ""azurerm_resource_group"" ""example"" {
    name=""Leahborough""
    location =""NorthCentralUS""
}
"
get me a rg with name Brittneystad in location EastUS2,"
resource ""azurerm_resource_group"" ""example"" {
    name=""Brittneystad""
    location =""EastUS2""
}
"
get me a rg with name Beverlyfort in location NorthCentralUS,"
resource ""azurerm_resource_group"" ""example"" {
    name=""Beverlyfort""
    location =""NorthCentralUS""
}
"
get me a rg with name East Timothychester in location EastUS2,"
resource ""azurerm_resource_group"" ""example"" {
    name=""East Timothychester""
    location =""EastUS2""
}
"
get me a rg with name Mendozaland in location EastUS2,"
resource ""azurerm_resource_group"" ""example"" {
    name=""Mendozaland""
    location =""EastUS2""
}
"
get me a rg with name Martintown in location EastUS2,"
resource ""azurerm_resource_group"" ""example"" {
    name=""Martintown""
    location =""EastUS2""
}
"
get me a rg with name New Henry in location NorthCentralUS,"
resource ""azurerm_resource_group"" ""example"" {
    name=""New Henry""
    location =""NorthCentralUS""
}
"
get me a rg with name Port Daniel in location EastUS,"
resource ""azurerm_resource_group"" ""example"" {
    name=""Port Daniel""
    location =""EastUS""
}
"
get me a rg with name Thomaschester in location EastUS2,"
resource ""azurerm_resource_group"" ""example"" {
    name=""Thomaschester""
    location =""EastUS2""
}
"
get me a rg with name New Ronaldborough in location WestUS,"
resource ""azurerm_resource_group"" ""example"" {
    name=""New Ronaldborough""
    location =""WestUS""
}
"
get me a rg with name North Tabithaport in location WestUS,"
resource ""azurerm_resource_group"" ""example"" {
    name=""North Tabithaport""
    location =""WestUS""
}
"
get me a rg with name Dorothystad in location SouthCentralUS,"
resource ""azurerm_resource_group"" ""example"" {
    name=""Dorothystad""
    location =""SouthCentralUS""
}
"
get me a rg with name Lake Gary in location NorthCentralUS,"
resource ""azurerm_resource_group"" ""example"" {
    name=""Lake Gary""
    location =""NorthCentralUS""
}
"
get me a rg with name Laurenside in location NorthCentralUS,"
resource ""azurerm_resource_group"" ""example"" {
    name=""Laurenside""
    location =""NorthCentralUS""
}
"
get me a rg with name North Jacobmouth in location EastUS,"
resource ""azurerm_resource_group"" ""example"" {
    name=""North Jacobmouth""
    location =""EastUS""
}
"
get me a rg with name New Sherylview in location WestUS,"
resource ""azurerm_resource_group"" ""example"" {
    name=""New Sherylview""
    location =""WestUS""
}
"
get me a rg with name Whiteport in location WestUS,"
resource ""azurerm_resource_group"" ""example"" {
    name=""Whiteport""
    location =""WestUS""
}
"
get me a rg with name New Michael in location WestUS,"
resource ""azurerm_resource_group"" ""example"" {
    name=""New Michael""
    location =""WestUS""
}
"
get me a rg with name Hamiltonchester in location SouthCentralUS,"
resource ""azurerm_resource_group"" ""example"" {
    name=""Hamiltonchester""
    location =""SouthCentralUS""
}
"
get me a rg with name South Miguel in location NorthCentralUS,"
resource ""azurerm_resource_group"" ""example"" {
    name=""South Miguel""
    location =""NorthCentralUS""
}
"
get me a rg with name North Ericmouth in location WestUS,"
resource ""azurerm_resource_group"" ""example"" {
    name=""North Ericmouth""
    location =""WestUS""
}
"
get me a rg with name Gravesburgh in location EastUS2,"
resource ""azurerm_resource_group"" ""example"" {
    name=""Gravesburgh""
    location =""EastUS2""
}
"
get me a rg with name Kimberlyville in location NorthCentralUS,"
resource ""azurerm_resource_group"" ""example"" {
    name=""Kimberlyville""
    location =""NorthCentralUS""
}
"
get me a rg with name Kleinfurt in location EastUS2,"
resource ""azurerm_resource_group"" ""example"" {
    name=""Kleinfurt""
    location =""EastUS2""
}
"
get me a rg with name Jamesland in location WestUS,"
resource ""azurerm_resource_group"" ""example"" {
    name=""Jamesland""
    location =""WestUS""
}
"
get me a rg with name Port Thomasshire in location EastUS,"
resource ""azurerm_resource_group"" ""example"" {
    name=""Port Thomasshire""
    location =""EastUS""
}
"
get me a rg with name Colemanmouth in location EastUS,"
resource ""azurerm_resource_group"" ""example"" {
    name=""Colemanmouth""
    location =""EastUS""
}
"
get me a rg with name New Steven in location SouthCentralUS,"
resource ""azurerm_resource_group"" ""example"" {
    name=""New Steven""
    location =""SouthCentralUS""
}
"
get me a rg with name South Hannahberg in location EastUS2,"
resource ""azurerm_resource_group"" ""example"" {
    name=""South Hannahberg""
    location =""EastUS2""
}
"
get me a rg with name New Rodney in location EastUS2,"
resource ""azurerm_resource_group"" ""example"" {
    name=""New Rodney""
    location =""EastUS2""
}
"
get me a rg with name Garciaview in location EastUS2,"
resource ""azurerm_resource_group"" ""example"" {
    name=""Garciaview""
    location =""EastUS2""
}
"
get me a rg with name Patriciaton in location SouthCentralUS,"
resource ""azurerm_resource_group"" ""example"" {
    name=""Patriciaton""
    location =""SouthCentralUS""
}
"
get me a rg with name South Heather in location EastUS2,"
resource ""azurerm_resource_group"" ""example"" {
    name=""South Heather""
    location =""EastUS2""
}
"
get me a rg with name Elizabethbury in location EastUS,"
resource ""azurerm_resource_group"" ""example"" {
    name=""Elizabethbury""
    location =""EastUS""
}
"
get me a rg with name New Daniel in location NorthCentralUS,"
resource ""azurerm_resource_group"" ""example"" {
    name=""New Daniel""
    location =""NorthCentralUS""
}
"
get me a rg with name Lake Courtneymouth in location EastUS2,"
resource ""azurerm_resource_group"" ""example"" {
    name=""Lake Courtneymouth""
    location =""EastUS2""
}
"
get me a rg with name South Sara in location WestUS,"
resource ""azurerm_resource_group"" ""example"" {
    name=""South Sara""
    location =""WestUS""
}
"
get me a rg with name South Larry in location EastUS2,"
resource ""azurerm_resource_group"" ""example"" {
    name=""South Larry""
    location =""EastUS2""
}
"
get me a rg with name East Kimberly in location SouthCentralUS,"
resource ""azurerm_resource_group"" ""example"" {
    name=""East Kimberly""
    location =""SouthCentralUS""
}
"
get me a rg with name Maldonadohaven in location EastUS,"
resource ""azurerm_resource_group"" ""example"" {
    name=""Maldonadohaven""
    location =""EastUS""
}
"
get me a rg with name South Emilyland in location EastUS,"
resource ""azurerm_resource_group"" ""example"" {
    name=""South Emilyland""
    location =""EastUS""
}
"
get me a rg with name Port Shannonhaven in location NorthCentralUS,"
resource ""azurerm_resource_group"" ""example"" {
    name=""Port Shannonhaven""
    location =""NorthCentralUS""
}
"
get me a rg with name Angelafurt in location WestUS,"
resource ""azurerm_resource_group"" ""example"" {
    name=""Angelafurt""
    location =""WestUS""
}
"
get me a rg with name Timothyville in location NorthCentralUS,"
resource ""azurerm_resource_group"" ""example"" {
    name=""Timothyville""
    location =""NorthCentralUS""
}
"
get me a rg with name New Marymouth in location SouthCentralUS,"
resource ""azurerm_resource_group"" ""example"" {
    name=""New Marymouth""
    location =""SouthCentralUS""
}
"
get me a rg with name Reevesburgh in location WestUS,"
resource ""azurerm_resource_group"" ""example"" {
    name=""Reevesburgh""
    location =""WestUS""
}
"
get me a rg with name North Marvin in location SouthCentralUS,"
resource ""azurerm_resource_group"" ""example"" {
    name=""North Marvin""
    location =""SouthCentralUS""
}
"
get me a rg with name Port Jose in location EastUS,"
resource ""azurerm_resource_group"" ""example"" {
    name=""Port Jose""
    location =""EastUS""
}
"
get me a rg with name South Ryanstad in location EastUS,"
resource ""azurerm_resource_group"" ""example"" {
    name=""South Ryanstad""
    location =""EastUS""
}
"
get me a rg with name New Jennifertown in location WestUS,"
resource ""azurerm_resource_group"" ""example"" {
    name=""New Jennifertown""
    location =""WestUS""
}
"
get me a rg with name Jessechester in location WestUS,"
resource ""azurerm_resource_group"" ""example"" {
    name=""Jessechester""
    location =""WestUS""
}
"
get me a rg with name South Joshua in location NorthCentralUS,"
resource ""azurerm_resource_group"" ""example"" {
    name=""South Joshua""
    location =""NorthCentralUS""
}
"
get me a rg with name Michaelville in location EastUS2,"
resource ""azurerm_resource_group"" ""example"" {
    name=""Michaelville""
    location =""EastUS2""
}
"
get me a rg with name East Henry in location SouthCentralUS,"
resource ""azurerm_resource_group"" ""example"" {
    name=""East Henry""
    location =""SouthCentralUS""
}
"
get me a rg with name Rachelburgh in location EastUS,"
resource ""azurerm_resource_group"" ""example"" {
    name=""Rachelburgh""
    location =""EastUS""
}
"
get me a rg with name Jenniferborough in location NorthCentralUS,"
resource ""azurerm_resource_group"" ""example"" {
    name=""Jenniferborough""
    location =""NorthCentralUS""
}
"
get me a rg with name Amandabury in location SouthCentralUS,"
resource ""azurerm_resource_group"" ""example"" {
    name=""Amandabury""
    location =""SouthCentralUS""
}
"
get me a rg with name West Curtis in location SouthCentralUS,"
resource ""azurerm_resource_group"" ""example"" {
    name=""West Curtis""
    location =""SouthCentralUS""
}
"
get me a rg with name Taylorhaven in location EastUS2,"
resource ""azurerm_resource_group"" ""example"" {
    name=""Taylorhaven""
    location =""EastUS2""
}
"
get me a rg with name New Elizabethfurt in location EastUS,"
resource ""azurerm_resource_group"" ""example"" {
    name=""New Elizabethfurt""
    location =""EastUS""
}
"
get me a rg with name Port Jason in location EastUS2,"
resource ""azurerm_resource_group"" ""example"" {
    name=""Port Jason""
    location =""EastUS2""
}
"
get me a rg with name Lisaland in location NorthCentralUS,"
resource ""azurerm_resource_group"" ""example"" {
    name=""Lisaland""
    location =""NorthCentralUS""
}
"
get me a rg with name Lawsonmouth in location NorthCentralUS,"
resource ""azurerm_resource_group"" ""example"" {
    name=""Lawsonmouth""
    location =""NorthCentralUS""
}
"
get me a rg with name Rickyside in location WestUS,"
resource ""azurerm_resource_group"" ""example"" {
    name=""Rickyside""
    location =""WestUS""
}
"
get me a rg with name Chanchester in location SouthCentralUS,"
resource ""azurerm_resource_group"" ""example"" {
    name=""Chanchester""
    location =""SouthCentralUS""
}
"
get me a rg with name Lake Frankhaven in location SouthCentralUS,"
resource ""azurerm_resource_group"" ""example"" {
    name=""Lake Frankhaven""
    location =""SouthCentralUS""
}
"
get me a rg with name Rodriguezbury in location WestUS,"
resource ""azurerm_resource_group"" ""example"" {
    name=""Rodriguezbury""
    location =""WestUS""
}
"
get me a rg with name Wolfeborough in location EastUS,"
resource ""azurerm_resource_group"" ""example"" {
    name=""Wolfeborough""
    location =""EastUS""
}
"
get me a rg with name Frymouth in location WestUS,"
resource ""azurerm_resource_group"" ""example"" {
    name=""Frymouth""
    location =""WestUS""
}
"
get me a rg with name North Victoriaport in location SouthCentralUS,"
resource ""azurerm_resource_group"" ""example"" {
    name=""North Victoriaport""
    location =""SouthCentralUS""
}
"
get me a rg with name Laurenland in location NorthCentralUS,"
resource ""azurerm_resource_group"" ""example"" {
    name=""Laurenland""
    location =""NorthCentralUS""
}
"
get me a rg with name East Jacqueline in location NorthCentralUS,"
resource ""azurerm_resource_group"" ""example"" {
    name=""East Jacqueline""
    location =""NorthCentralUS""
}
"
get me a rg with name Geraldview in location WestUS,"
resource ""azurerm_resource_group"" ""example"" {
    name=""Geraldview""
    location =""WestUS""
}
"
get me a rg with name Hobbston in location EastUS,"
resource ""azurerm_resource_group"" ""example"" {
    name=""Hobbston""
    location =""EastUS""
}
"
get me a rg with name Port Keithland in location EastUS2,"
resource ""azurerm_resource_group"" ""example"" {
    name=""Port Keithland""
    location =""EastUS2""
}
"
get me a rg with name Heidiview in location WestUS,"
resource ""azurerm_resource_group"" ""example"" {
    name=""Heidiview""
    location =""WestUS""
}
"
get me a rg with name New Rachel in location EastUS,"
resource ""azurerm_resource_group"" ""example"" {
    name=""New Rachel""
    location =""EastUS""
}
"
get me a rg with name North Rhondaberg in location WestUS,"
resource ""azurerm_resource_group"" ""example"" {
    name=""North Rhondaberg""
    location =""WestUS""
}
"
get me a rg with name Williamsberg in location EastUS,"
resource ""azurerm_resource_group"" ""example"" {
    name=""Williamsberg""
    location =""EastUS""
}
"
get me a rg with name Johnsontown in location SouthCentralUS,"
resource ""azurerm_resource_group"" ""example"" {
    name=""Johnsontown""
    location =""SouthCentralUS""
}
"
get me a rg with name Newtonmouth in location SouthCentralUS,"
resource ""azurerm_resource_group"" ""example"" {
    name=""Newtonmouth""
    location =""SouthCentralUS""
}
"
get me a rg with name Jonathanfort in location WestUS,"
resource ""azurerm_resource_group"" ""example"" {
    name=""Jonathanfort""
    location =""WestUS""
}
"
get me a rg with name South Alicia in location EastUS,"
resource ""azurerm_resource_group"" ""example"" {
    name=""South Alicia""
    location =""EastUS""
}
"
get me a rg with name Beckermouth in location NorthCentralUS,"
resource ""azurerm_resource_group"" ""example"" {
    name=""Beckermouth""
    location =""NorthCentralUS""
}
"
get me a rg with name Lisatown in location EastUS2,"
resource ""azurerm_resource_group"" ""example"" {
    name=""Lisatown""
    location =""EastUS2""
}
"
get me a rg with name Port Carlmouth in location SouthCentralUS,"
resource ""azurerm_resource_group"" ""example"" {
    name=""Port Carlmouth""
    location =""SouthCentralUS""
}
"
get me a rg with name Simschester in location EastUS2,"
resource ""azurerm_resource_group"" ""example"" {
    name=""Simschester""
    location =""EastUS2""
}
"
get me a rg with name Dawnland in location WestUS,"
resource ""azurerm_resource_group"" ""example"" {
    name=""Dawnland""
    location =""WestUS""
}
"
get me a rg with name Porterburgh in location SouthCentralUS,"
resource ""azurerm_resource_group"" ""example"" {
    name=""Porterburgh""
    location =""SouthCentralUS""
}
"
get me a rg with name Leonardside in location NorthCentralUS,"
resource ""azurerm_resource_group"" ""example"" {
    name=""Leonardside""
    location =""NorthCentralUS""
}
"
get me a rg with name Port Dianamouth in location EastUS,"
resource ""azurerm_resource_group"" ""example"" {
    name=""Port Dianamouth""
    location =""EastUS""
}
"
get me a rg with name Lake Margaret in location WestUS,"
resource ""azurerm_resource_group"" ""example"" {
    name=""Lake Margaret""
    location =""WestUS""
}
"
get me a rg with name East Michael in location EastUS2,"
resource ""azurerm_resource_group"" ""example"" {
    name=""East Michael""
    location =""EastUS2""
}
"
get me a rg with name Lake Christina in location EastUS,"
resource ""azurerm_resource_group"" ""example"" {
    name=""Lake Christina""
    location =""EastUS""
}
"
get me a rg with name Port Derekberg in location EastUS,"
resource ""azurerm_resource_group"" ""example"" {
    name=""Port Derekberg""
    location =""EastUS""
}
"
get me a rg with name Davidland in location EastUS2,"
resource ""azurerm_resource_group"" ""example"" {
    name=""Davidland""
    location =""EastUS2""
}
"
get me a rg with name Rioshaven in location EastUS,"
resource ""azurerm_resource_group"" ""example"" {
    name=""Rioshaven""
    location =""EastUS""
}
"
get me a rg with name Matthewston in location EastUS2,"
resource ""azurerm_resource_group"" ""example"" {
    name=""Matthewston""
    location =""EastUS2""
}
"
get me a rg with name Ryanfort in location SouthCentralUS,"
resource ""azurerm_resource_group"" ""example"" {
    name=""Ryanfort""
    location =""SouthCentralUS""
}
"
get me a rg with name Robinsonborough in location SouthCentralUS,"
resource ""azurerm_resource_group"" ""example"" {
    name=""Robinsonborough""
    location =""SouthCentralUS""
}
"
get me a rg with name Fitzgeraldborough in location EastUS2,"
resource ""azurerm_resource_group"" ""example"" {
    name=""Fitzgeraldborough""
    location =""EastUS2""
}
"
get me a rg with name Johnsonshire in location EastUS2,"
resource ""azurerm_resource_group"" ""example"" {
    name=""Johnsonshire""
    location =""EastUS2""
}
"
get me a rg with name Lake Alexaside in location EastUS,"
resource ""azurerm_resource_group"" ""example"" {
    name=""Lake Alexaside""
    location =""EastUS""
}
"
get me a rg with name Donnahaven in location WestUS,"
resource ""azurerm_resource_group"" ""example"" {
    name=""Donnahaven""
    location =""WestUS""
}
"
get me a rg with name Lake Richard in location EastUS,"
resource ""azurerm_resource_group"" ""example"" {
    name=""Lake Richard""
    location =""EastUS""
}
"
get me a rg with name South Kimberly in location SouthCentralUS,"
resource ""azurerm_resource_group"" ""example"" {
    name=""South Kimberly""
    location =""SouthCentralUS""
}
"
get me a rg with name Port Miguel in location WestUS,"
resource ""azurerm_resource_group"" ""example"" {
    name=""Port Miguel""
    location =""WestUS""
}
"
get me a rg with name West Scottland in location SouthCentralUS,"
resource ""azurerm_resource_group"" ""example"" {
    name=""West Scottland""
    location =""SouthCentralUS""
}
"
get me a rg with name East Nathantown in location NorthCentralUS,"
resource ""azurerm_resource_group"" ""example"" {
    name=""East Nathantown""
    location =""NorthCentralUS""
}
"
get me a rg with name Lake Allen in location WestUS,"
resource ""azurerm_resource_group"" ""example"" {
    name=""Lake Allen""
    location =""WestUS""
}
"
get me a rg with name Simonside in location WestUS,"
resource ""azurerm_resource_group"" ""example"" {
    name=""Simonside""
    location =""WestUS""
}
"
get me a rg with name Edwardchester in location NorthCentralUS,"
resource ""azurerm_resource_group"" ""example"" {
    name=""Edwardchester""
    location =""NorthCentralUS""
}
"
get me a rg with name Lake Dana in location NorthCentralUS,"
resource ""azurerm_resource_group"" ""example"" {
    name=""Lake Dana""
    location =""NorthCentralUS""
}
"
get me a rg with name West Josephfort in location NorthCentralUS,"
resource ""azurerm_resource_group"" ""example"" {
    name=""West Josephfort""
    location =""NorthCentralUS""
}
"
get me a rg with name Danielville in location EastUS2,"
resource ""azurerm_resource_group"" ""example"" {
    name=""Danielville""
    location =""EastUS2""
}
"
get me a rg with name Alexandrabury in location EastUS2,"
resource ""azurerm_resource_group"" ""example"" {
    name=""Alexandrabury""
    location =""EastUS2""
}
"
get me a rg with name West Douglasborough in location EastUS,"
resource ""azurerm_resource_group"" ""example"" {
    name=""West Douglasborough""
    location =""EastUS""
}
"
get me a rg with name New Carlosbury in location SouthCentralUS,"
resource ""azurerm_resource_group"" ""example"" {
    name=""New Carlosbury""
    location =""SouthCentralUS""
}
"
get me a rg with name New Cynthiashire in location EastUS2,"
resource ""azurerm_resource_group"" ""example"" {
    name=""New Cynthiashire""
    location =""EastUS2""
}
"
get me a rg with name Lake Richardton in location EastUS2,"
resource ""azurerm_resource_group"" ""example"" {
    name=""Lake Richardton""
    location =""EastUS2""
}
"
get me a rg with name Samueltown in location EastUS,"
resource ""azurerm_resource_group"" ""example"" {
    name=""Samueltown""
    location =""EastUS""
}
"
get me a rg with name Sharonburgh in location EastUS,"
resource ""azurerm_resource_group"" ""example"" {
    name=""Sharonburgh""
    location =""EastUS""
}
"
get me a rg with name West Anthonyton in location EastUS,"
resource ""azurerm_resource_group"" ""example"" {
    name=""West Anthonyton""
    location =""EastUS""
}
"
get me a rg with name Lake Michaelmouth in location SouthCentralUS,"
resource ""azurerm_resource_group"" ""example"" {
    name=""Lake Michaelmouth""
    location =""SouthCentralUS""
}
"
get me a rg with name New Jerryburgh in location EastUS,"
resource ""azurerm_resource_group"" ""example"" {
    name=""New Jerryburgh""
    location =""EastUS""
}
"
get me a rg with name Port Stephanie in location EastUS2,"
resource ""azurerm_resource_group"" ""example"" {
    name=""Port Stephanie""
    location =""EastUS2""
}
"
get me a rg with name East Amber in location EastUS2,"
resource ""azurerm_resource_group"" ""example"" {
    name=""East Amber""
    location =""EastUS2""
}
"
get me a rg with name Kelseyview in location NorthCentralUS,"
resource ""azurerm_resource_group"" ""example"" {
    name=""Kelseyview""
    location =""NorthCentralUS""
}
"
get me a rg with name Rodriguezstad in location WestUS,"
resource ""azurerm_resource_group"" ""example"" {
    name=""Rodriguezstad""
    location =""WestUS""
}
"
get me a rg with name Keithfort in location NorthCentralUS,"
resource ""azurerm_resource_group"" ""example"" {
    name=""Keithfort""
    location =""NorthCentralUS""
}
"
get me a rg with name New Garyport in location SouthCentralUS,"
resource ""azurerm_resource_group"" ""example"" {
    name=""New Garyport""
    location =""SouthCentralUS""
}
"
get me a rg with name Anitastad in location EastUS2,"
resource ""azurerm_resource_group"" ""example"" {
    name=""Anitastad""
    location =""EastUS2""
}
"
get me a rg with name Mcdowellmouth in location EastUS,"
resource ""azurerm_resource_group"" ""example"" {
    name=""Mcdowellmouth""
    location =""EastUS""
}
"
get me a rg with name South Danielburgh in location NorthCentralUS,"
resource ""azurerm_resource_group"" ""example"" {
    name=""South Danielburgh""
    location =""NorthCentralUS""
}
"
get me a rg with name Frazierfurt in location EastUS,"
resource ""azurerm_resource_group"" ""example"" {
    name=""Frazierfurt""
    location =""EastUS""
}
"
get me a rg with name East Jenniferland in location WestUS,"
resource ""azurerm_resource_group"" ""example"" {
    name=""East Jenniferland""
    location =""WestUS""
}
"
get me a rg with name Brownland in location NorthCentralUS,"
resource ""azurerm_resource_group"" ""example"" {
    name=""Brownland""
    location =""NorthCentralUS""
}
"
get me a rg with name Hernandezside in location EastUS2,"
resource ""azurerm_resource_group"" ""example"" {
    name=""Hernandezside""
    location =""EastUS2""
}
"
get me a rg with name Audreystad in location EastUS,"
resource ""azurerm_resource_group"" ""example"" {
    name=""Audreystad""
    location =""EastUS""
}
"
get me a rg with name Heatherchester in location EastUS,"
resource ""azurerm_resource_group"" ""example"" {
    name=""Heatherchester""
    location =""EastUS""
}
"
get me a rg with name North Lucas in location WestUS,"
resource ""azurerm_resource_group"" ""example"" {
    name=""North Lucas""
    location =""WestUS""
}
"
get me a rg with name Spencebury in location WestUS,"
resource ""azurerm_resource_group"" ""example"" {
    name=""Spencebury""
    location =""WestUS""
}
"
get me a rg with name Lake Lisa in location EastUS,"
resource ""azurerm_resource_group"" ""example"" {
    name=""Lake Lisa""
    location =""EastUS""
}
"
get me a rg with name Jonesbury in location EastUS2,"
resource ""azurerm_resource_group"" ""example"" {
    name=""Jonesbury""
    location =""EastUS2""
}
"
get me a rg with name Stevenchester in location EastUS,"
resource ""azurerm_resource_group"" ""example"" {
    name=""Stevenchester""
    location =""EastUS""
}
"
get me a rg with name Torresfurt in location SouthCentralUS,"
resource ""azurerm_resource_group"" ""example"" {
    name=""Torresfurt""
    location =""SouthCentralUS""
}
"
get me a rg with name Lewisland in location EastUS2,"
resource ""azurerm_resource_group"" ""example"" {
    name=""Lewisland""
    location =""EastUS2""
}
"
get me a rg with name Lake Jeanettemouth in location EastUS2,"
resource ""azurerm_resource_group"" ""example"" {
    name=""Lake Jeanettemouth""
    location =""EastUS2""
}
"
get me a rg with name Lisaland in location WestUS,"
resource ""azurerm_resource_group"" ""example"" {
    name=""Lisaland""
    location =""WestUS""
}
"
get me a rg with name Shawborough in location NorthCentralUS,"
resource ""azurerm_resource_group"" ""example"" {
    name=""Shawborough""
    location =""NorthCentralUS""
}
"
get me a rg with name North Jaredland in location EastUS2,"
resource ""azurerm_resource_group"" ""example"" {
    name=""North Jaredland""
    location =""EastUS2""
}
"
get me a rg with name Boothbury in location WestUS,"
resource ""azurerm_resource_group"" ""example"" {
    name=""Boothbury""
    location =""WestUS""
}
"
get me a rg with name Roberthaven in location EastUS2,"
resource ""azurerm_resource_group"" ""example"" {
    name=""Roberthaven""
    location =""EastUS2""
}
"
get me a rg with name Ryanshire in location EastUS,"
resource ""azurerm_resource_group"" ""example"" {
    name=""Ryanshire""
    location =""EastUS""
}
"
get me a rg with name South Josephmouth in location SouthCentralUS,"
resource ""azurerm_resource_group"" ""example"" {
    name=""South Josephmouth""
    location =""SouthCentralUS""
}
"
get me a rg with name South Gary in location EastUS2,"
resource ""azurerm_resource_group"" ""example"" {
    name=""South Gary""
    location =""EastUS2""
}
"
get me a rg with name Kendrastad in location SouthCentralUS,"
resource ""azurerm_resource_group"" ""example"" {
    name=""Kendrastad""
    location =""SouthCentralUS""
}
"
get me a rg with name South Jillchester in location EastUS,"
resource ""azurerm_resource_group"" ""example"" {
    name=""South Jillchester""
    location =""EastUS""
}
"
get me a rg with name Turnerchester in location EastUS,"
resource ""azurerm_resource_group"" ""example"" {
    name=""Turnerchester""
    location =""EastUS""
}
"
get me a rg with name Port Tanner in location EastUS,"
resource ""azurerm_resource_group"" ""example"" {
    name=""Port Tanner""
    location =""EastUS""
}
"
get me a rg with name South Timfort in location WestUS,"
resource ""azurerm_resource_group"" ""example"" {
    name=""South Timfort""
    location =""WestUS""
}
"
get me a rg with name Port Fredberg in location WestUS,"
resource ""azurerm_resource_group"" ""example"" {
    name=""Port Fredberg""
    location =""WestUS""
}
"
get me a rg with name South Christian in location EastUS2,"
resource ""azurerm_resource_group"" ""example"" {
    name=""South Christian""
    location =""EastUS2""
}
"
get me a rg with name Port Kevin in location EastUS,"
resource ""azurerm_resource_group"" ""example"" {
    name=""Port Kevin""
    location =""EastUS""
}
"
get me a rg with name North Melissaview in location EastUS2,"
resource ""azurerm_resource_group"" ""example"" {
    name=""North Melissaview""
    location =""EastUS2""
}
"
get me a rg with name Davisville in location EastUS2,"
resource ""azurerm_resource_group"" ""example"" {
    name=""Davisville""
    location =""EastUS2""
}
"
get me a rg with name Harrishaven in location EastUS2,"
resource ""azurerm_resource_group"" ""example"" {
    name=""Harrishaven""
    location =""EastUS2""
}
"
get me a rg with name Martinside in location NorthCentralUS,"
resource ""azurerm_resource_group"" ""example"" {
    name=""Martinside""
    location =""NorthCentralUS""
}
"
get me a rg with name Stevechester in location EastUS2,"
resource ""azurerm_resource_group"" ""example"" {
    name=""Stevechester""
    location =""EastUS2""
}
"
get me a rg with name Stewartport in location SouthCentralUS,"
resource ""azurerm_resource_group"" ""example"" {
    name=""Stewartport""
    location =""SouthCentralUS""
}
"
get me a rg with name New David in location SouthCentralUS,"
resource ""azurerm_resource_group"" ""example"" {
    name=""New David""
    location =""SouthCentralUS""
}
"
get me a rg with name Levyfort in location SouthCentralUS,"
resource ""azurerm_resource_group"" ""example"" {
    name=""Levyfort""
    location =""SouthCentralUS""
}
"
get me a rg with name South Paulside in location NorthCentralUS,"
resource ""azurerm_resource_group"" ""example"" {
    name=""South Paulside""
    location =""NorthCentralUS""
}
"
get me a rg with name North Jeffreyborough in location WestUS,"
resource ""azurerm_resource_group"" ""example"" {
    name=""North Jeffreyborough""
    location =""WestUS""
}
"
get me a rg with name Meredithstad in location NorthCentralUS,"
resource ""azurerm_resource_group"" ""example"" {
    name=""Meredithstad""
    location =""NorthCentralUS""
}
"
get me a rg with name Daniellemouth in location EastUS,"
resource ""azurerm_resource_group"" ""example"" {
    name=""Daniellemouth""
    location =""EastUS""
}
"
get me a rg with name New Thomasfurt in location NorthCentralUS,"
resource ""azurerm_resource_group"" ""example"" {
    name=""New Thomasfurt""
    location =""NorthCentralUS""
}
"
get me a rg with name West Lisa in location NorthCentralUS,"
resource ""azurerm_resource_group"" ""example"" {
    name=""West Lisa""
    location =""NorthCentralUS""
}
"
get me a rg with name Paulberg in location EastUS,"
resource ""azurerm_resource_group"" ""example"" {
    name=""Paulberg""
    location =""EastUS""
}
"
get me a rg with name North Melinda in location SouthCentralUS,"
resource ""azurerm_resource_group"" ""example"" {
    name=""North Melinda""
    location =""SouthCentralUS""
}
"
get me a rg with name Mollyburgh in location EastUS2,"
resource ""azurerm_resource_group"" ""example"" {
    name=""Mollyburgh""
    location =""EastUS2""
}
"
get me a rg with name Martinport in location EastUS,"
resource ""azurerm_resource_group"" ""example"" {
    name=""Martinport""
    location =""EastUS""
}
"
get me a rg with name Amyport in location NorthCentralUS,"
resource ""azurerm_resource_group"" ""example"" {
    name=""Amyport""
    location =""NorthCentralUS""
}
"
get me a rg with name Hallhaven in location NorthCentralUS,"
resource ""azurerm_resource_group"" ""example"" {
    name=""Hallhaven""
    location =""NorthCentralUS""
}
"
get me a rg with name Stonestad in location SouthCentralUS,"
resource ""azurerm_resource_group"" ""example"" {
    name=""Stonestad""
    location =""SouthCentralUS""
}
"
get me a rg with name Codystad in location SouthCentralUS,"
resource ""azurerm_resource_group"" ""example"" {
    name=""Codystad""
    location =""SouthCentralUS""
}
"
get me a rg with name South Jeromechester in location NorthCentralUS,"
resource ""azurerm_resource_group"" ""example"" {
    name=""South Jeromechester""
    location =""NorthCentralUS""
}
"
get me a rg with name South Douglasview in location WestUS,"
resource ""azurerm_resource_group"" ""example"" {
    name=""South Douglasview""
    location =""WestUS""
}
"
get me a rg with name Nicholasside in location WestUS,"
resource ""azurerm_resource_group"" ""example"" {
    name=""Nicholasside""
    location =""WestUS""
}
"
get me a rg with name New Michaelmouth in location EastUS2,"
resource ""azurerm_resource_group"" ""example"" {
    name=""New Michaelmouth""
    location =""EastUS2""
}
"
get me a rg with name Alvarezland in location EastUS,"
resource ""azurerm_resource_group"" ""example"" {
    name=""Alvarezland""
    location =""EastUS""
}
"
get me a rg with name Phillipsberg in location EastUS,"
resource ""azurerm_resource_group"" ""example"" {
    name=""Phillipsberg""
    location =""EastUS""
}
"
get me a rg with name Robertstad in location EastUS,"
resource ""azurerm_resource_group"" ""example"" {
    name=""Robertstad""
    location =""EastUS""
}
"
get me a rg with name Dariusland in location EastUS,"
resource ""azurerm_resource_group"" ""example"" {
    name=""Dariusland""
    location =""EastUS""
}
"
get me a rg with name Hamiltonbury in location EastUS2,"
resource ""azurerm_resource_group"" ""example"" {
    name=""Hamiltonbury""
    location =""EastUS2""
}
"
get me a rg with name Matthewland in location EastUS,"
resource ""azurerm_resource_group"" ""example"" {
    name=""Matthewland""
    location =""EastUS""
}
"
get me a rg with name Sandrachester in location NorthCentralUS,"
resource ""azurerm_resource_group"" ""example"" {
    name=""Sandrachester""
    location =""NorthCentralUS""
}
"
get me a rg with name Hessland in location SouthCentralUS,"
resource ""azurerm_resource_group"" ""example"" {
    name=""Hessland""
    location =""SouthCentralUS""
}
"
get me a rg with name Travishaven in location SouthCentralUS,"
resource ""azurerm_resource_group"" ""example"" {
    name=""Travishaven""
    location =""SouthCentralUS""
}
"
get me a rg with name Lake Danny in location EastUS2,"
resource ""azurerm_resource_group"" ""example"" {
    name=""Lake Danny""
    location =""EastUS2""
}
"
get me a rg with name Stevenburgh in location WestUS,"
resource ""azurerm_resource_group"" ""example"" {
    name=""Stevenburgh""
    location =""WestUS""
}
"
get me a rg with name Port Andrew in location NorthCentralUS,"
resource ""azurerm_resource_group"" ""example"" {
    name=""Port Andrew""
    location =""NorthCentralUS""
}
"
get me a rg with name Deanbury in location EastUS2,"
resource ""azurerm_resource_group"" ""example"" {
    name=""Deanbury""
    location =""EastUS2""
}
"
get me a rg with name New Tanya in location WestUS,"
resource ""azurerm_resource_group"" ""example"" {
    name=""New Tanya""
    location =""WestUS""
}
"
get me a rg with name Jasmineside in location EastUS,"
resource ""azurerm_resource_group"" ""example"" {
    name=""Jasmineside""
    location =""EastUS""
}
"
get me a rg with name North Andrea in location EastUS,"
resource ""azurerm_resource_group"" ""example"" {
    name=""North Andrea""
    location =""EastUS""
}
"
get me a rg with name Lake Danielhaven in location EastUS2,"
resource ""azurerm_resource_group"" ""example"" {
    name=""Lake Danielhaven""
    location =""EastUS2""
}
"
get me a rg with name West Ericmouth in location NorthCentralUS,"
resource ""azurerm_resource_group"" ""example"" {
    name=""West Ericmouth""
    location =""NorthCentralUS""
}
"
get me a rg with name West Alyssamouth in location EastUS,"
resource ""azurerm_resource_group"" ""example"" {
    name=""West Alyssamouth""
    location =""EastUS""
}
"
get me a rg with name Thomasport in location SouthCentralUS,"
resource ""azurerm_resource_group"" ""example"" {
    name=""Thomasport""
    location =""SouthCentralUS""
}
"
get me a rg with name Lindsayberg in location NorthCentralUS,"
resource ""azurerm_resource_group"" ""example"" {
    name=""Lindsayberg""
    location =""NorthCentralUS""
}
"
get me a rg with name Brittanyhaven in location EastUS2,"
resource ""azurerm_resource_group"" ""example"" {
    name=""Brittanyhaven""
    location =""EastUS2""
}
"
get me a rg with name Josephside in location NorthCentralUS,"
resource ""azurerm_resource_group"" ""example"" {
    name=""Josephside""
    location =""NorthCentralUS""
}
"
get me a rg with name Gomezview in location WestUS,"
resource ""azurerm_resource_group"" ""example"" {
    name=""Gomezview""
    location =""WestUS""
}
"
get me a rg with name Taylormouth in location WestUS,"
resource ""azurerm_resource_group"" ""example"" {
    name=""Taylormouth""
    location =""WestUS""
}
"
get me a rg with name Brandyside in location NorthCentralUS,"
resource ""azurerm_resource_group"" ""example"" {
    name=""Brandyside""
    location =""NorthCentralUS""
}
"
get me a rg with name Stoneton in location SouthCentralUS,"
resource ""azurerm_resource_group"" ""example"" {
    name=""Stoneton""
    location =""SouthCentralUS""
}
"
get me a rg with name Amandafort in location SouthCentralUS,"
resource ""azurerm_resource_group"" ""example"" {
    name=""Amandafort""
    location =""SouthCentralUS""
}
"
get me a rg with name New Emilyhaven in location EastUS2,"
resource ""azurerm_resource_group"" ""example"" {
    name=""New Emilyhaven""
    location =""EastUS2""
}
"
get me a rg with name Lake Jessicaland in location EastUS,"
resource ""azurerm_resource_group"" ""example"" {
    name=""Lake Jessicaland""
    location =""EastUS""
}
"
get me a rg with name Amandafurt in location NorthCentralUS,"
resource ""azurerm_resource_group"" ""example"" {
    name=""Amandafurt""
    location =""NorthCentralUS""
}
"
get me a rg with name Youngside in location WestUS,"
resource ""azurerm_resource_group"" ""example"" {
    name=""Youngside""
    location =""WestUS""
}
"
get me a rg with name South Anthonyburgh in location EastUS2,"
resource ""azurerm_resource_group"" ""example"" {
    name=""South Anthonyburgh""
    location =""EastUS2""
}
"
get me a rg with name Kempview in location SouthCentralUS,"
resource ""azurerm_resource_group"" ""example"" {
    name=""Kempview""
    location =""SouthCentralUS""
}
"
get me a rg with name Port Hannahville in location EastUS,"
resource ""azurerm_resource_group"" ""example"" {
    name=""Port Hannahville""
    location =""EastUS""
}
"
get me a rg with name Greenmouth in location EastUS,"
resource ""azurerm_resource_group"" ""example"" {
    name=""Greenmouth""
    location =""EastUS""
}
"
get me a rg with name Palmerfort in location WestUS,"
resource ""azurerm_resource_group"" ""example"" {
    name=""Palmerfort""
    location =""WestUS""
}
"
get me a rg with name Lake Juan in location WestUS,"
resource ""azurerm_resource_group"" ""example"" {
    name=""Lake Juan""
    location =""WestUS""
}
"
get me a rg with name Port Kara in location NorthCentralUS,"
resource ""azurerm_resource_group"" ""example"" {
    name=""Port Kara""
    location =""NorthCentralUS""
}
"
get me a rg with name Hancockland in location WestUS,"
resource ""azurerm_resource_group"" ""example"" {
    name=""Hancockland""
    location =""WestUS""
}
"
get me a rg with name Jamesmouth in location SouthCentralUS,"
resource ""azurerm_resource_group"" ""example"" {
    name=""Jamesmouth""
    location =""SouthCentralUS""
}
"
get me a rg with name East Ericborough in location EastUS2,"
resource ""azurerm_resource_group"" ""example"" {
    name=""East Ericborough""
    location =""EastUS2""
}
"
get me a rg with name Schroederside in location SouthCentralUS,"
resource ""azurerm_resource_group"" ""example"" {
    name=""Schroederside""
    location =""SouthCentralUS""
}
"
get me a rg with name New Deborahton in location WestUS,"
resource ""azurerm_resource_group"" ""example"" {
    name=""New Deborahton""
    location =""WestUS""
}
"
get me a rg with name Lake Monica in location EastUS,"
resource ""azurerm_resource_group"" ""example"" {
    name=""Lake Monica""
    location =""EastUS""
}
"
get me a rg with name East Maryland in location EastUS2,"
resource ""azurerm_resource_group"" ""example"" {
    name=""East Maryland""
    location =""EastUS2""
}
"
get me a rg with name New Shawnchester in location EastUS,"
resource ""azurerm_resource_group"" ""example"" {
    name=""New Shawnchester""
    location =""EastUS""
}
"
get me a rg with name Wendyland in location SouthCentralUS,"
resource ""azurerm_resource_group"" ""example"" {
    name=""Wendyland""
    location =""SouthCentralUS""
}
"
get me a rg with name Charlesshire in location EastUS,"
resource ""azurerm_resource_group"" ""example"" {
    name=""Charlesshire""
    location =""EastUS""
}
"
get me a rg with name Devinburgh in location EastUS2,"
resource ""azurerm_resource_group"" ""example"" {
    name=""Devinburgh""
    location =""EastUS2""
}
"
get me a rg with name Port Kimberlyfort in location EastUS2,"
resource ""azurerm_resource_group"" ""example"" {
    name=""Port Kimberlyfort""
    location =""EastUS2""
}
"
get me a rg with name West Kristinfort in location NorthCentralUS,"
resource ""azurerm_resource_group"" ""example"" {
    name=""West Kristinfort""
    location =""NorthCentralUS""
}
"
get me a rg with name East Stephen in location NorthCentralUS,"
resource ""azurerm_resource_group"" ""example"" {
    name=""East Stephen""
    location =""NorthCentralUS""
}
"
get me a rg with name Nelsonbury in location SouthCentralUS,"
resource ""azurerm_resource_group"" ""example"" {
    name=""Nelsonbury""
    location =""SouthCentralUS""
}
"
get me a rg with name Rebeccaland in location NorthCentralUS,"
resource ""azurerm_resource_group"" ""example"" {
    name=""Rebeccaland""
    location =""NorthCentralUS""
}
"
get me a rg with name North Christopher in location EastUS,"
resource ""azurerm_resource_group"" ""example"" {
    name=""North Christopher""
    location =""EastUS""
}
"
get me a rg with name Claytonmouth in location EastUS,"
resource ""azurerm_resource_group"" ""example"" {
    name=""Claytonmouth""
    location =""EastUS""
}
"
get me a rg with name West Melissa in location SouthCentralUS,"
resource ""azurerm_resource_group"" ""example"" {
    name=""West Melissa""
    location =""SouthCentralUS""
}
"
get me a rg with name North Nicole in location EastUS2,"
resource ""azurerm_resource_group"" ""example"" {
    name=""North Nicole""
    location =""EastUS2""
}
"
get me a rg with name New Jeffreyview in location WestUS,"
resource ""azurerm_resource_group"" ""example"" {
    name=""New Jeffreyview""
    location =""WestUS""
}
"
get me a rg with name East Sarah in location WestUS,"
resource ""azurerm_resource_group"" ""example"" {
    name=""East Sarah""
    location =""WestUS""
}
"
get me a rg with name Jasontown in location SouthCentralUS,"
resource ""azurerm_resource_group"" ""example"" {
    name=""Jasontown""
    location =""SouthCentralUS""
}
"
get me a rg with name Brianbury in location EastUS,"
resource ""azurerm_resource_group"" ""example"" {
    name=""Brianbury""
    location =""EastUS""
}
"
get me a rg with name Nicoletown in location NorthCentralUS,"
resource ""azurerm_resource_group"" ""example"" {
    name=""Nicoletown""
    location =""NorthCentralUS""
}
"
get me a rg with name South Frederickberg in location NorthCentralUS,"
resource ""azurerm_resource_group"" ""example"" {
    name=""South Frederickberg""
    location =""NorthCentralUS""
}
"
get me a rg with name East Jessica in location EastUS2,"
resource ""azurerm_resource_group"" ""example"" {
    name=""East Jessica""
    location =""EastUS2""
}
"
get me a rg with name South Patricia in location EastUS,"
resource ""azurerm_resource_group"" ""example"" {
    name=""South Patricia""
    location =""EastUS""
}
"
get me a rg with name New Sandraburgh in location EastUS2,"
resource ""azurerm_resource_group"" ""example"" {
    name=""New Sandraburgh""
    location =""EastUS2""
}
"
get me a rg with name Parkerhaven in location EastUS,"
resource ""azurerm_resource_group"" ""example"" {
    name=""Parkerhaven""
    location =""EastUS""
}
"
get me a rg with name South Brandon in location WestUS,"
resource ""azurerm_resource_group"" ""example"" {
    name=""South Brandon""
    location =""WestUS""
}
"
get me a rg with name South Amyshire in location WestUS,"
resource ""azurerm_resource_group"" ""example"" {
    name=""South Amyshire""
    location =""WestUS""
}
"
get me a rg with name New Traciechester in location EastUS,"
resource ""azurerm_resource_group"" ""example"" {
    name=""New Traciechester""
    location =""EastUS""
}
"
get me a rg with name Gregorybury in location EastUS2,"
resource ""azurerm_resource_group"" ""example"" {
    name=""Gregorybury""
    location =""EastUS2""
}
"
get me a rg with name Coffeystad in location WestUS,"
resource ""azurerm_resource_group"" ""example"" {
    name=""Coffeystad""
    location =""WestUS""
}
"
get me a rg with name Laneborough in location WestUS,"
resource ""azurerm_resource_group"" ""example"" {
    name=""Laneborough""
    location =""WestUS""
}
"
get me a rg with name Laurastad in location EastUS,"
resource ""azurerm_resource_group"" ""example"" {
    name=""Laurastad""
    location =""EastUS""
}
"
get me a rg with name West Laura in location EastUS2,"
resource ""azurerm_resource_group"" ""example"" {
    name=""West Laura""
    location =""EastUS2""
}
"
get me a rg with name Amandamouth in location EastUS2,"
resource ""azurerm_resource_group"" ""example"" {
    name=""Amandamouth""
    location =""EastUS2""
}
"
get me a rg with name Mcdanielshire in location NorthCentralUS,"
resource ""azurerm_resource_group"" ""example"" {
    name=""Mcdanielshire""
    location =""NorthCentralUS""
}
"
get me a rg with name Jonathanview in location EastUS,"
resource ""azurerm_resource_group"" ""example"" {
    name=""Jonathanview""
    location =""EastUS""
}
"
get me a rg with name Spencerhaven in location SouthCentralUS,"
resource ""azurerm_resource_group"" ""example"" {
    name=""Spencerhaven""
    location =""SouthCentralUS""
}
"
get me a rg with name South Nicole in location SouthCentralUS,"
resource ""azurerm_resource_group"" ""example"" {
    name=""South Nicole""
    location =""SouthCentralUS""
}
"
get me a rg with name Eatonmouth in location WestUS,"
resource ""azurerm_resource_group"" ""example"" {
    name=""Eatonmouth""
    location =""WestUS""
}
"
get me a rg with name Isaacberg in location EastUS,"
resource ""azurerm_resource_group"" ""example"" {
    name=""Isaacberg""
    location =""EastUS""
}
"
get me a rg with name Zacharytown in location WestUS,"
resource ""azurerm_resource_group"" ""example"" {
    name=""Zacharytown""
    location =""WestUS""
}
"
get me a rg with name Lake Deannafurt in location SouthCentralUS,"
resource ""azurerm_resource_group"" ""example"" {
    name=""Lake Deannafurt""
    location =""SouthCentralUS""
}
"
get me a rg with name Donaldfurt in location EastUS,"
resource ""azurerm_resource_group"" ""example"" {
    name=""Donaldfurt""
    location =""EastUS""
}
"
get me a rg with name Port Jeffrey in location EastUS2,"
resource ""azurerm_resource_group"" ""example"" {
    name=""Port Jeffrey""
    location =""EastUS2""
}
"
get me a rg with name North Elizabeth in location NorthCentralUS,"
resource ""azurerm_resource_group"" ""example"" {
    name=""North Elizabeth""
    location =""NorthCentralUS""
}
"
get me a rg with name North Johnshire in location EastUS,"
resource ""azurerm_resource_group"" ""example"" {
    name=""North Johnshire""
    location =""EastUS""
}
"
get me a rg with name Riddlehaven in location EastUS,"
resource ""azurerm_resource_group"" ""example"" {
    name=""Riddlehaven""
    location =""EastUS""
}
"
get me a rg with name Port Shannonport in location EastUS2,"
resource ""azurerm_resource_group"" ""example"" {
    name=""Port Shannonport""
    location =""EastUS2""
}
"
get me a rg with name Salinashaven in location EastUS,"
resource ""azurerm_resource_group"" ""example"" {
    name=""Salinashaven""
    location =""EastUS""
}
"
get me a rg with name Ethanview in location SouthCentralUS,"
resource ""azurerm_resource_group"" ""example"" {
    name=""Ethanview""
    location =""SouthCentralUS""
}
"
get me a rg with name Christopherland in location EastUS,"
resource ""azurerm_resource_group"" ""example"" {
    name=""Christopherland""
    location =""EastUS""
}
"
get me a rg with name Caseview in location WestUS,"
resource ""azurerm_resource_group"" ""example"" {
    name=""Caseview""
    location =""WestUS""
}
"
get me a rg with name Powershaven in location EastUS2,"
resource ""azurerm_resource_group"" ""example"" {
    name=""Powershaven""
    location =""EastUS2""
}
"
get me a rg with name New Ashleymouth in location EastUS,"
resource ""azurerm_resource_group"" ""example"" {
    name=""New Ashleymouth""
    location =""EastUS""
}
"
get me a rg with name Proctormouth in location WestUS,"
resource ""azurerm_resource_group"" ""example"" {
    name=""Proctormouth""
    location =""WestUS""
}
"
get me a rg with name South Melissatown in location SouthCentralUS,"
resource ""azurerm_resource_group"" ""example"" {
    name=""South Melissatown""
    location =""SouthCentralUS""
}
"
get me a rg with name Kylietown in location EastUS2,"
resource ""azurerm_resource_group"" ""example"" {
    name=""Kylietown""
    location =""EastUS2""
}
"
get me a rg with name South Heidi in location WestUS,"
resource ""azurerm_resource_group"" ""example"" {
    name=""South Heidi""
    location =""WestUS""
}
"
get me a rg with name Smithberg in location EastUS2,"
resource ""azurerm_resource_group"" ""example"" {
    name=""Smithberg""
    location =""EastUS2""
}
"
get me a rg with name Adamsview in location WestUS,"
resource ""azurerm_resource_group"" ""example"" {
    name=""Adamsview""
    location =""WestUS""
}
"
get me a rg with name Rodriguezfurt in location EastUS2,"
resource ""azurerm_resource_group"" ""example"" {
    name=""Rodriguezfurt""
    location =""EastUS2""
}
"
get me a rg with name New Doris in location NorthCentralUS,"
resource ""azurerm_resource_group"" ""example"" {
    name=""New Doris""
    location =""NorthCentralUS""
}
"
get me a rg with name Joannetown in location SouthCentralUS,"
resource ""azurerm_resource_group"" ""example"" {
    name=""Joannetown""
    location =""SouthCentralUS""
}
"
get me a rg with name West Caroline in location NorthCentralUS,"
resource ""azurerm_resource_group"" ""example"" {
    name=""West Caroline""
    location =""NorthCentralUS""
}
"
get me a rg with name Sosamouth in location NorthCentralUS,"
resource ""azurerm_resource_group"" ""example"" {
    name=""Sosamouth""
    location =""NorthCentralUS""
}
"
get me a rg with name Colemanview in location WestUS,"
resource ""azurerm_resource_group"" ""example"" {
    name=""Colemanview""
    location =""WestUS""
}
"
get me a rg with name South Loriview in location NorthCentralUS,"
resource ""azurerm_resource_group"" ""example"" {
    name=""South Loriview""
    location =""NorthCentralUS""
}
"
get me a rg with name Thomasland in location WestUS,"
resource ""azurerm_resource_group"" ""example"" {
    name=""Thomasland""
    location =""WestUS""
}
"
get me a rg with name East Adam in location NorthCentralUS,"
resource ""azurerm_resource_group"" ""example"" {
    name=""East Adam""
    location =""NorthCentralUS""
}
"
get me a rg with name North Mark in location SouthCentralUS,"
resource ""azurerm_resource_group"" ""example"" {
    name=""North Mark""
    location =""SouthCentralUS""
}
"
get me a rg with name Cruzchester in location EastUS2,"
resource ""azurerm_resource_group"" ""example"" {
    name=""Cruzchester""
    location =""EastUS2""
}
"
get me a rg with name Port Aprilberg in location WestUS,"
resource ""azurerm_resource_group"" ""example"" {
    name=""Port Aprilberg""
    location =""WestUS""
}
"
get me a rg with name Luishaven in location SouthCentralUS,"
resource ""azurerm_resource_group"" ""example"" {
    name=""Luishaven""
    location =""SouthCentralUS""
}
"
get me a rg with name Mollyfort in location SouthCentralUS,"
resource ""azurerm_resource_group"" ""example"" {
    name=""Mollyfort""
    location =""SouthCentralUS""
}
"
get me a rg with name Kristinaburgh in location EastUS,"
resource ""azurerm_resource_group"" ""example"" {
    name=""Kristinaburgh""
    location =""EastUS""
}
"
get me a rg with name Virginiaville in location WestUS,"
resource ""azurerm_resource_group"" ""example"" {
    name=""Virginiaville""
    location =""WestUS""
}
"
get me a rg with name New Kaylafurt in location WestUS,"
resource ""azurerm_resource_group"" ""example"" {
    name=""New Kaylafurt""
    location =""WestUS""
}
"
get me a rg with name Angelfurt in location EastUS,"
resource ""azurerm_resource_group"" ""example"" {
    name=""Angelfurt""
    location =""EastUS""
}
"
get me a rg with name Matthewtown in location EastUS,"
resource ""azurerm_resource_group"" ""example"" {
    name=""Matthewtown""
    location =""EastUS""
}
"
get me a rg with name Robertton in location EastUS,"
resource ""azurerm_resource_group"" ""example"" {
    name=""Robertton""
    location =""EastUS""
}
"
get me a rg with name West Kathryn in location NorthCentralUS,"
resource ""azurerm_resource_group"" ""example"" {
    name=""West Kathryn""
    location =""NorthCentralUS""
}
"
get me a rg with name Port Mary in location SouthCentralUS,"
resource ""azurerm_resource_group"" ""example"" {
    name=""Port Mary""
    location =""SouthCentralUS""
}
"
get me a rg with name Port Brandonburgh in location EastUS2,"
resource ""azurerm_resource_group"" ""example"" {
    name=""Port Brandonburgh""
    location =""EastUS2""
}
"
get me a rg with name North Angela in location NorthCentralUS,"
resource ""azurerm_resource_group"" ""example"" {
    name=""North Angela""
    location =""NorthCentralUS""
}
"
get me a rg with name Farmerview in location NorthCentralUS,"
resource ""azurerm_resource_group"" ""example"" {
    name=""Farmerview""
    location =""NorthCentralUS""
}
"
get me a rg with name East Mackenzietown in location WestUS,"
resource ""azurerm_resource_group"" ""example"" {
    name=""East Mackenzietown""
    location =""WestUS""
}
"
get me a rg with name Kaneborough in location EastUS2,"
resource ""azurerm_resource_group"" ""example"" {
    name=""Kaneborough""
    location =""EastUS2""
}
"
get me a rg with name North James in location WestUS,"
resource ""azurerm_resource_group"" ""example"" {
    name=""North James""
    location =""WestUS""
}
"
get me a rg with name North David in location EastUS,"
resource ""azurerm_resource_group"" ""example"" {
    name=""North David""
    location =""EastUS""
}
"
get me a rg with name East Jessicamouth in location WestUS,"
resource ""azurerm_resource_group"" ""example"" {
    name=""East Jessicamouth""
    location =""WestUS""
}
"
get me a rg with name Rogersfurt in location WestUS,"
resource ""azurerm_resource_group"" ""example"" {
    name=""Rogersfurt""
    location =""WestUS""
}
"
get me a rg with name Port Rebecca in location EastUS2,"
resource ""azurerm_resource_group"" ""example"" {
    name=""Port Rebecca""
    location =""EastUS2""
}
"
get me a rg with name Emilyland in location WestUS,"
resource ""azurerm_resource_group"" ""example"" {
    name=""Emilyland""
    location =""WestUS""
}
"
get me a rg with name Danielmouth in location NorthCentralUS,"
resource ""azurerm_resource_group"" ""example"" {
    name=""Danielmouth""
    location =""NorthCentralUS""
}
"
get me a rg with name Craigborough in location NorthCentralUS,"
resource ""azurerm_resource_group"" ""example"" {
    name=""Craigborough""
    location =""NorthCentralUS""
}
"
get me a rg with name Lake Alexis in location EastUS,"
resource ""azurerm_resource_group"" ""example"" {
    name=""Lake Alexis""
    location =""EastUS""
}
"
get me a rg with name Anthonyfurt in location NorthCentralUS,"
resource ""azurerm_resource_group"" ""example"" {
    name=""Anthonyfurt""
    location =""NorthCentralUS""
}
"
get me a rg with name South Marissa in location WestUS,"
resource ""azurerm_resource_group"" ""example"" {
    name=""South Marissa""
    location =""WestUS""
}
"
get me a rg with name New Andrea in location SouthCentralUS,"
resource ""azurerm_resource_group"" ""example"" {
    name=""New Andrea""
    location =""SouthCentralUS""
}
"
get me a rg with name Davidmouth in location EastUS,"
resource ""azurerm_resource_group"" ""example"" {
    name=""Davidmouth""
    location =""EastUS""
}
"
get me a rg with name East Jonathan in location NorthCentralUS,"
resource ""azurerm_resource_group"" ""example"" {
    name=""East Jonathan""
    location =""NorthCentralUS""
}
"
get me a rg with name Shannonfurt in location EastUS,"
resource ""azurerm_resource_group"" ""example"" {
    name=""Shannonfurt""
    location =""EastUS""
}
"
get me a rg with name Alexandertown in location NorthCentralUS,"
resource ""azurerm_resource_group"" ""example"" {
    name=""Alexandertown""
    location =""NorthCentralUS""
}
"
get me a rg with name Lake Natalie in location EastUS,"
resource ""azurerm_resource_group"" ""example"" {
    name=""Lake Natalie""
    location =""EastUS""
}
"
get me a rg with name Port Amber in location EastUS,"
resource ""azurerm_resource_group"" ""example"" {
    name=""Port Amber""
    location =""EastUS""
}
"
get me a rg with name West Dianamouth in location NorthCentralUS,"
resource ""azurerm_resource_group"" ""example"" {
    name=""West Dianamouth""
    location =""NorthCentralUS""
}
"
get me a rg with name New Angela in location EastUS2,"
resource ""azurerm_resource_group"" ""example"" {
    name=""New Angela""
    location =""EastUS2""
}
"
get me a rg with name Ericstad in location EastUS,"
resource ""azurerm_resource_group"" ""example"" {
    name=""Ericstad""
    location =""EastUS""
}
"
get me a rg with name East Jesseview in location EastUS2,"
resource ""azurerm_resource_group"" ""example"" {
    name=""East Jesseview""
    location =""EastUS2""
}
"
get me a rg with name Galvanton in location NorthCentralUS,"
resource ""azurerm_resource_group"" ""example"" {
    name=""Galvanton""
    location =""NorthCentralUS""
}
"
get me a rg with name Shelbyfurt in location SouthCentralUS,"
resource ""azurerm_resource_group"" ""example"" {
    name=""Shelbyfurt""
    location =""SouthCentralUS""
}
"
get me a rg with name Aguilarfurt in location NorthCentralUS,"
resource ""azurerm_resource_group"" ""example"" {
    name=""Aguilarfurt""
    location =""NorthCentralUS""
}
"
get me a rg with name Ryanton in location WestUS,"
resource ""azurerm_resource_group"" ""example"" {
    name=""Ryanton""
    location =""WestUS""
}
"
get me a rg with name Morseshire in location WestUS,"
resource ""azurerm_resource_group"" ""example"" {
    name=""Morseshire""
    location =""WestUS""
}
"
get me a rg with name Lake Paige in location EastUS,"
resource ""azurerm_resource_group"" ""example"" {
    name=""Lake Paige""
    location =""EastUS""
}
"
get me a rg with name West Jessica in location EastUS2,"
resource ""azurerm_resource_group"" ""example"" {
    name=""West Jessica""
    location =""EastUS2""
}
"
get me a rg with name North Benjaminfurt in location EastUS2,"
resource ""azurerm_resource_group"" ""example"" {
    name=""North Benjaminfurt""
    location =""EastUS2""
}
"
get me a rg with name East Adam in location WestUS,"
resource ""azurerm_resource_group"" ""example"" {
    name=""East Adam""
    location =""WestUS""
}
"
get me a rg with name West Tony in location EastUS2,"
resource ""azurerm_resource_group"" ""example"" {
    name=""West Tony""
    location =""EastUS2""
}
"
get me a rg with name Lynnside in location EastUS,"
resource ""azurerm_resource_group"" ""example"" {
    name=""Lynnside""
    location =""EastUS""
}
"
get me a rg with name West Andrew in location SouthCentralUS,"
resource ""azurerm_resource_group"" ""example"" {
    name=""West Andrew""
    location =""SouthCentralUS""
}
"
get me a rg with name South Dennis in location EastUS,"
resource ""azurerm_resource_group"" ""example"" {
    name=""South Dennis""
    location =""EastUS""
}
"
get me a rg with name North Michelleton in location WestUS,"
resource ""azurerm_resource_group"" ""example"" {
    name=""North Michelleton""
    location =""WestUS""
}
"
get me a rg with name Gregoryton in location EastUS,"
resource ""azurerm_resource_group"" ""example"" {
    name=""Gregoryton""
    location =""EastUS""
}
"
get me a rg with name Melindamouth in location SouthCentralUS,"
resource ""azurerm_resource_group"" ""example"" {
    name=""Melindamouth""
    location =""SouthCentralUS""
}
"
get me a rg with name Lake Edward in location EastUS2,"
resource ""azurerm_resource_group"" ""example"" {
    name=""Lake Edward""
    location =""EastUS2""
}
"
get me a rg with name East Stevenmouth in location WestUS,"
resource ""azurerm_resource_group"" ""example"" {
    name=""East Stevenmouth""
    location =""WestUS""
}
"
get me a rg with name West Clayton in location NorthCentralUS,"
resource ""azurerm_resource_group"" ""example"" {
    name=""West Clayton""
    location =""NorthCentralUS""
}
"
get me a rg with name New Heatherton in location EastUS,"
resource ""azurerm_resource_group"" ""example"" {
    name=""New Heatherton""
    location =""EastUS""
}
"
get me a rg with name Christopherside in location WestUS,"
resource ""azurerm_resource_group"" ""example"" {
    name=""Christopherside""
    location =""WestUS""
}
"
get me a rg with name Jeffreytown in location NorthCentralUS,"
resource ""azurerm_resource_group"" ""example"" {
    name=""Jeffreytown""
    location =""NorthCentralUS""
}
"
get me a rg with name Cherylshire in location WestUS,"
resource ""azurerm_resource_group"" ""example"" {
    name=""Cherylshire""
    location =""WestUS""
}
"
get me a rg with name Patelstad in location NorthCentralUS,"
resource ""azurerm_resource_group"" ""example"" {
    name=""Patelstad""
    location =""NorthCentralUS""
}
"
get me a rg with name Lake Jeffery in location NorthCentralUS,"
resource ""azurerm_resource_group"" ""example"" {
    name=""Lake Jeffery""
    location =""NorthCentralUS""
}
"
get me a rg with name East Katherineborough in location WestUS,"
resource ""azurerm_resource_group"" ""example"" {
    name=""East Katherineborough""
    location =""WestUS""
}
"
get me a rg with name Amyburgh in location EastUS,"
resource ""azurerm_resource_group"" ""example"" {
    name=""Amyburgh""
    location =""EastUS""
}
"
get me a rg with name Scottmouth in location EastUS2,"
resource ""azurerm_resource_group"" ""example"" {
    name=""Scottmouth""
    location =""EastUS2""
}
"
get me a rg with name New Christopherbury in location EastUS,"
resource ""azurerm_resource_group"" ""example"" {
    name=""New Christopherbury""
    location =""EastUS""
}
"
get me a rg with name East Alexistown in location EastUS2,"
resource ""azurerm_resource_group"" ""example"" {
    name=""East Alexistown""
    location =""EastUS2""
}
"
get me a rg with name Marciachester in location EastUS,"
resource ""azurerm_resource_group"" ""example"" {
    name=""Marciachester""
    location =""EastUS""
}
"
get me a rg with name Sharpborough in location NorthCentralUS,"
resource ""azurerm_resource_group"" ""example"" {
    name=""Sharpborough""
    location =""NorthCentralUS""
}
"
get me a rg with name Thomasland in location SouthCentralUS,"
resource ""azurerm_resource_group"" ""example"" {
    name=""Thomasland""
    location =""SouthCentralUS""
}
"
get me a rg with name East Ashley in location EastUS,"
resource ""azurerm_resource_group"" ""example"" {
    name=""East Ashley""
    location =""EastUS""
}
"
get me a rg with name Alyssaland in location NorthCentralUS,"
resource ""azurerm_resource_group"" ""example"" {
    name=""Alyssaland""
    location =""NorthCentralUS""
}
"
get me a rg with name South Tiffanyside in location WestUS,"
resource ""azurerm_resource_group"" ""example"" {
    name=""South Tiffanyside""
    location =""WestUS""
}
"
get me a rg with name Jenniferport in location EastUS,"
resource ""azurerm_resource_group"" ""example"" {
    name=""Jenniferport""
    location =""EastUS""
}
"
get me a rg with name West Nicole in location SouthCentralUS,"
resource ""azurerm_resource_group"" ""example"" {
    name=""West Nicole""
    location =""SouthCentralUS""
}
"
get me a rg with name Alexisstad in location EastUS,"
resource ""azurerm_resource_group"" ""example"" {
    name=""Alexisstad""
    location =""EastUS""
}
"
get me a rg with name Brianland in location WestUS,"
resource ""azurerm_resource_group"" ""example"" {
    name=""Brianland""
    location =""WestUS""
}
"
get me a rg with name Lake Barbara in location NorthCentralUS,"
resource ""azurerm_resource_group"" ""example"" {
    name=""Lake Barbara""
    location =""NorthCentralUS""
}
"
get me a rg with name North Carlaport in location WestUS,"
resource ""azurerm_resource_group"" ""example"" {
    name=""North Carlaport""
    location =""WestUS""
}
"
get me a rg with name Jonathanport in location SouthCentralUS,"
resource ""azurerm_resource_group"" ""example"" {
    name=""Jonathanport""
    location =""SouthCentralUS""
}
"
get me a rg with name Port Heather in location EastUS,"
resource ""azurerm_resource_group"" ""example"" {
    name=""Port Heather""
    location =""EastUS""
}
"
get me a rg with name Lake Donald in location WestUS,"
resource ""azurerm_resource_group"" ""example"" {
    name=""Lake Donald""
    location =""WestUS""
}
"
get me a rg with name East Jamesmouth in location NorthCentralUS,"
resource ""azurerm_resource_group"" ""example"" {
    name=""East Jamesmouth""
    location =""NorthCentralUS""
}
"
get me a rg with name Thompsonfort in location NorthCentralUS,"
resource ""azurerm_resource_group"" ""example"" {
    name=""Thompsonfort""
    location =""NorthCentralUS""
}
"
get me a rg with name Soliston in location SouthCentralUS,"
resource ""azurerm_resource_group"" ""example"" {
    name=""Soliston""
    location =""SouthCentralUS""
}
"
get me a rg with name South Rachel in location NorthCentralUS,"
resource ""azurerm_resource_group"" ""example"" {
    name=""South Rachel""
    location =""NorthCentralUS""
}
"
get me a rg with name Powellmouth in location EastUS,"
resource ""azurerm_resource_group"" ""example"" {
    name=""Powellmouth""
    location =""EastUS""
}
"
get me a rg with name West Dawn in location EastUS,"
resource ""azurerm_resource_group"" ""example"" {
    name=""West Dawn""
    location =""EastUS""
}
"
get me a rg with name Lake Krystaltown in location SouthCentralUS,"
resource ""azurerm_resource_group"" ""example"" {
    name=""Lake Krystaltown""
    location =""SouthCentralUS""
}
"
get me a rg with name Simmonshaven in location WestUS,"
resource ""azurerm_resource_group"" ""example"" {
    name=""Simmonshaven""
    location =""WestUS""
}
"
get me a rg with name East Ryan in location EastUS2,"
resource ""azurerm_resource_group"" ""example"" {
    name=""East Ryan""
    location =""EastUS2""
}
"
get me a rg with name Whitemouth in location SouthCentralUS,"
resource ""azurerm_resource_group"" ""example"" {
    name=""Whitemouth""
    location =""SouthCentralUS""
}
"
get me a rg with name Scotthaven in location EastUS,"
resource ""azurerm_resource_group"" ""example"" {
    name=""Scotthaven""
    location =""EastUS""
}
"
get me a rg with name Edwinview in location NorthCentralUS,"
resource ""azurerm_resource_group"" ""example"" {
    name=""Edwinview""
    location =""NorthCentralUS""
}
"
get me a rg with name East Lynnport in location EastUS2,"
resource ""azurerm_resource_group"" ""example"" {
    name=""East Lynnport""
    location =""EastUS2""
}
"
get me a rg with name Lake Samuelstad in location WestUS,"
resource ""azurerm_resource_group"" ""example"" {
    name=""Lake Samuelstad""
    location =""WestUS""
}
"
get me a rg with name Barreraberg in location NorthCentralUS,"
resource ""azurerm_resource_group"" ""example"" {
    name=""Barreraberg""
    location =""NorthCentralUS""
}
"
get me a rg with name South Christopher in location WestUS,"
resource ""azurerm_resource_group"" ""example"" {
    name=""South Christopher""
    location =""WestUS""
}
"
get me a rg with name North Joshuachester in location WestUS,"
resource ""azurerm_resource_group"" ""example"" {
    name=""North Joshuachester""
    location =""WestUS""
}
"
get me a rg with name Port Kenneth in location EastUS2,"
resource ""azurerm_resource_group"" ""example"" {
    name=""Port Kenneth""
    location =""EastUS2""
}
"
get me a rg with name West Lynntown in location SouthCentralUS,"
resource ""azurerm_resource_group"" ""example"" {
    name=""West Lynntown""
    location =""SouthCentralUS""
}
"
get me a rg with name East Joshuamouth in location NorthCentralUS,"
resource ""azurerm_resource_group"" ""example"" {
    name=""East Joshuamouth""
    location =""NorthCentralUS""
}
"
get me a rg with name North Lauraburgh in location EastUS,"
resource ""azurerm_resource_group"" ""example"" {
    name=""North Lauraburgh""
    location =""EastUS""
}
"
get me a rg with name Myerston in location WestUS,"
resource ""azurerm_resource_group"" ""example"" {
    name=""Myerston""
    location =""WestUS""
}
"
get me a rg with name Port James in location NorthCentralUS,"
resource ""azurerm_resource_group"" ""example"" {
    name=""Port James""
    location =""NorthCentralUS""
}
"
get me a rg with name Andrewchester in location EastUS2,"
resource ""azurerm_resource_group"" ""example"" {
    name=""Andrewchester""
    location =""EastUS2""
}
"
get me a rg with name Ashleyburgh in location WestUS,"
resource ""azurerm_resource_group"" ""example"" {
    name=""Ashleyburgh""
    location =""WestUS""
}
"
get me a rg with name New Reneemouth in location EastUS2,"
resource ""azurerm_resource_group"" ""example"" {
    name=""New Reneemouth""
    location =""EastUS2""
}
"
get me a rg with name South Sarahton in location SouthCentralUS,"
resource ""azurerm_resource_group"" ""example"" {
    name=""South Sarahton""
    location =""SouthCentralUS""
}
"
get me a rg with name Lake Alyssa in location EastUS,"
resource ""azurerm_resource_group"" ""example"" {
    name=""Lake Alyssa""
    location =""EastUS""
}
"
get me a rg with name West Rachel in location SouthCentralUS,"
resource ""azurerm_resource_group"" ""example"" {
    name=""West Rachel""
    location =""SouthCentralUS""
}
"
get me a rg with name South Willie in location EastUS,"
resource ""azurerm_resource_group"" ""example"" {
    name=""South Willie""
    location =""EastUS""
}
"
get me a rg with name Joshuaport in location EastUS,"
resource ""azurerm_resource_group"" ""example"" {
    name=""Joshuaport""
    location =""EastUS""
}
"
get me a rg with name Batesland in location EastUS,"
resource ""azurerm_resource_group"" ""example"" {
    name=""Batesland""
    location =""EastUS""
}
"
get me a rg with name Victorbury in location SouthCentralUS,"
resource ""azurerm_resource_group"" ""example"" {
    name=""Victorbury""
    location =""SouthCentralUS""
}
"
get me a rg with name Port Kimberly in location NorthCentralUS,"
resource ""azurerm_resource_group"" ""example"" {
    name=""Port Kimberly""
    location =""NorthCentralUS""
}
"
get me a rg with name Farleyborough in location SouthCentralUS,"
resource ""azurerm_resource_group"" ""example"" {
    name=""Farleyborough""
    location =""SouthCentralUS""
}
"
get me a rg with name Campbellmouth in location EastUS2,"
resource ""azurerm_resource_group"" ""example"" {
    name=""Campbellmouth""
    location =""EastUS2""
}
"
get me a rg with name West Douglashaven in location EastUS2,"
resource ""azurerm_resource_group"" ""example"" {
    name=""West Douglashaven""
    location =""EastUS2""
}
"
get me a rg with name Cynthiaton in location EastUS,"
resource ""azurerm_resource_group"" ""example"" {
    name=""Cynthiaton""
    location =""EastUS""
}
"
get me a rg with name North Karinaberg in location EastUS,"
resource ""azurerm_resource_group"" ""example"" {
    name=""North Karinaberg""
    location =""EastUS""
}
"
get me a rg with name Ericaville in location EastUS,"
resource ""azurerm_resource_group"" ""example"" {
    name=""Ericaville""
    location =""EastUS""
}
"
get me a rg with name Port Shelbyhaven in location NorthCentralUS,"
resource ""azurerm_resource_group"" ""example"" {
    name=""Port Shelbyhaven""
    location =""NorthCentralUS""
}
"
get me a rg with name West Jack in location WestUS,"
resource ""azurerm_resource_group"" ""example"" {
    name=""West Jack""
    location =""WestUS""
}
"
get me a rg with name Johnfurt in location EastUS2,"
resource ""azurerm_resource_group"" ""example"" {
    name=""Johnfurt""
    location =""EastUS2""
}
"
get me a rg with name West Christine in location EastUS,"
resource ""azurerm_resource_group"" ""example"" {
    name=""West Christine""
    location =""EastUS""
}
"
get me a rg with name Brittanyton in location WestUS,"
resource ""azurerm_resource_group"" ""example"" {
    name=""Brittanyton""
    location =""WestUS""
}
"
get me a rg with name New Austintown in location EastUS,"
resource ""azurerm_resource_group"" ""example"" {
    name=""New Austintown""
    location =""EastUS""
}
"
get me a rg with name Lake James in location EastUS,"
resource ""azurerm_resource_group"" ""example"" {
    name=""Lake James""
    location =""EastUS""
}
"
get me a rg with name East Jorge in location NorthCentralUS,"
resource ""azurerm_resource_group"" ""example"" {
    name=""East Jorge""
    location =""NorthCentralUS""
}
"
get me a rg with name South Natalie in location EastUS2,"
resource ""azurerm_resource_group"" ""example"" {
    name=""South Natalie""
    location =""EastUS2""
}
"
get me a rg with name East Kimberly in location WestUS,"
resource ""azurerm_resource_group"" ""example"" {
    name=""East Kimberly""
    location =""WestUS""
}
"
get me a rg with name Arielville in location WestUS,"
resource ""azurerm_resource_group"" ""example"" {
    name=""Arielville""
    location =""WestUS""
}
"
get me a rg with name Rachelbury in location SouthCentralUS,"
resource ""azurerm_resource_group"" ""example"" {
    name=""Rachelbury""
    location =""SouthCentralUS""
}
"
get me a rg with name South Ashleyburgh in location SouthCentralUS,"
resource ""azurerm_resource_group"" ""example"" {
    name=""South Ashleyburgh""
    location =""SouthCentralUS""
}
"
get me a rg with name Charlesburgh in location SouthCentralUS,"
resource ""azurerm_resource_group"" ""example"" {
    name=""Charlesburgh""
    location =""SouthCentralUS""
}
"
get me a rg with name Hansonbury in location EastUS2,"
resource ""azurerm_resource_group"" ""example"" {
    name=""Hansonbury""
    location =""EastUS2""
}
"
get me a rg with name South Kennethport in location SouthCentralUS,"
resource ""azurerm_resource_group"" ""example"" {
    name=""South Kennethport""
    location =""SouthCentralUS""
}
"
get me a rg with name Port Stephanie in location EastUS2,"
resource ""azurerm_resource_group"" ""example"" {
    name=""Port Stephanie""
    location =""EastUS2""
}
"
get me a rg with name West Samantha in location EastUS2,"
resource ""azurerm_resource_group"" ""example"" {
    name=""West Samantha""
    location =""EastUS2""
}
"
get me a rg with name Port Holly in location WestUS,"
resource ""azurerm_resource_group"" ""example"" {
    name=""Port Holly""
    location =""WestUS""
}
"
get me a rg with name West Elizabethmouth in location EastUS,"
resource ""azurerm_resource_group"" ""example"" {
    name=""West Elizabethmouth""
    location =""EastUS""
}
"
get me a rg with name Reidstad in location NorthCentralUS,"
resource ""azurerm_resource_group"" ""example"" {
    name=""Reidstad""
    location =""NorthCentralUS""
}
"
get me a rg with name East Dawn in location EastUS2,"
resource ""azurerm_resource_group"" ""example"" {
    name=""East Dawn""
    location =""EastUS2""
}
"
get me a rg with name Robertland in location NorthCentralUS,"
resource ""azurerm_resource_group"" ""example"" {
    name=""Robertland""
    location =""NorthCentralUS""
}
"
get me a rg with name Currystad in location EastUS,"
resource ""azurerm_resource_group"" ""example"" {
    name=""Currystad""
    location =""EastUS""
}
"
get me a rg with name West Ericachester in location EastUS2,"
resource ""azurerm_resource_group"" ""example"" {
    name=""West Ericachester""
    location =""EastUS2""
}
"
get me a rg with name North Mark in location WestUS,"
resource ""azurerm_resource_group"" ""example"" {
    name=""North Mark""
    location =""WestUS""
}
"
get me a rg with name Amandaland in location WestUS,"
resource ""azurerm_resource_group"" ""example"" {
    name=""Amandaland""
    location =""WestUS""
}
"
get me a rg with name Port Vanessa in location WestUS,"
resource ""azurerm_resource_group"" ""example"" {
    name=""Port Vanessa""
    location =""WestUS""
}
"
get me a rg with name New Johnnytown in location EastUS,"
resource ""azurerm_resource_group"" ""example"" {
    name=""New Johnnytown""
    location =""EastUS""
}
"
get me a rg with name East Kyle in location NorthCentralUS,"
resource ""azurerm_resource_group"" ""example"" {
    name=""East Kyle""
    location =""NorthCentralUS""
}
"
get me a rg with name Martinezview in location NorthCentralUS,"
resource ""azurerm_resource_group"" ""example"" {
    name=""Martinezview""
    location =""NorthCentralUS""
}
"
get me a rg with name Jessetown in location NorthCentralUS,"
resource ""azurerm_resource_group"" ""example"" {
    name=""Jessetown""
    location =""NorthCentralUS""
}
"
get me a rg with name East Victor in location SouthCentralUS,"
resource ""azurerm_resource_group"" ""example"" {
    name=""East Victor""
    location =""SouthCentralUS""
}
"
get me a rg with name Watsonmouth in location EastUS2,"
resource ""azurerm_resource_group"" ""example"" {
    name=""Watsonmouth""
    location =""EastUS2""
}
"
get me a rg with name Lake Kathymouth in location EastUS,"
resource ""azurerm_resource_group"" ""example"" {
    name=""Lake Kathymouth""
    location =""EastUS""
}
"
get me a rg with name Lake Carlos in location SouthCentralUS,"
resource ""azurerm_resource_group"" ""example"" {
    name=""Lake Carlos""
    location =""SouthCentralUS""
}
"
get me a rg with name Susanville in location NorthCentralUS,"
resource ""azurerm_resource_group"" ""example"" {
    name=""Susanville""
    location =""NorthCentralUS""
}
"
get me a rg with name Melindahaven in location EastUS,"
resource ""azurerm_resource_group"" ""example"" {
    name=""Melindahaven""
    location =""EastUS""
}
"
get me a rg with name Brownfurt in location EastUS2,"
resource ""azurerm_resource_group"" ""example"" {
    name=""Brownfurt""
    location =""EastUS2""
}
"
get me a rg with name Lake Tracey in location EastUS2,"
resource ""azurerm_resource_group"" ""example"" {
    name=""Lake Tracey""
    location =""EastUS2""
}
"
get me a rg with name North Lisaland in location EastUS2,"
resource ""azurerm_resource_group"" ""example"" {
    name=""North Lisaland""
    location =""EastUS2""
}
"
get me a rg with name North Jamesport in location EastUS,"
resource ""azurerm_resource_group"" ""example"" {
    name=""North Jamesport""
    location =""EastUS""
}
"
get me a rg with name North Craigfurt in location SouthCentralUS,"
resource ""azurerm_resource_group"" ""example"" {
    name=""North Craigfurt""
    location =""SouthCentralUS""
}
"
get me a rg with name South Jeffrey in location NorthCentralUS,"
resource ""azurerm_resource_group"" ""example"" {
    name=""South Jeffrey""
    location =""NorthCentralUS""
}
"
get me a rg with name Port Jasonberg in location EastUS2,"
resource ""azurerm_resource_group"" ""example"" {
    name=""Port Jasonberg""
    location =""EastUS2""
}
"
get me a rg with name New Sandrafurt in location EastUS,"
resource ""azurerm_resource_group"" ""example"" {
    name=""New Sandrafurt""
    location =""EastUS""
}
"
get me a rg with name Seanmouth in location SouthCentralUS,"
resource ""azurerm_resource_group"" ""example"" {
    name=""Seanmouth""
    location =""SouthCentralUS""
}
"
get me a rg with name Loganchester in location EastUS2,"
resource ""azurerm_resource_group"" ""example"" {
    name=""Loganchester""
    location =""EastUS2""
}
"
get me a rg with name Paulfurt in location EastUS,"
resource ""azurerm_resource_group"" ""example"" {
    name=""Paulfurt""
    location =""EastUS""
}
"
get me a rg with name West Natalietown in location EastUS,"
resource ""azurerm_resource_group"" ""example"" {
    name=""West Natalietown""
    location =""EastUS""
}
"
get me a rg with name South Leonardbury in location NorthCentralUS,"
resource ""azurerm_resource_group"" ""example"" {
    name=""South Leonardbury""
    location =""NorthCentralUS""
}
"
get me a rg with name Barnettstad in location EastUS,"
resource ""azurerm_resource_group"" ""example"" {
    name=""Barnettstad""
    location =""EastUS""
}
"
get me a rg with name Wardtown in location SouthCentralUS,"
resource ""azurerm_resource_group"" ""example"" {
    name=""Wardtown""
    location =""SouthCentralUS""
}
"
get me a rg with name New Gregory in location NorthCentralUS,"
resource ""azurerm_resource_group"" ""example"" {
    name=""New Gregory""
    location =""NorthCentralUS""
}
"
get me a rg with name Stevenschester in location EastUS,"
resource ""azurerm_resource_group"" ""example"" {
    name=""Stevenschester""
    location =""EastUS""
}
"
get me a rg with name New Wesley in location NorthCentralUS,"
resource ""azurerm_resource_group"" ""example"" {
    name=""New Wesley""
    location =""NorthCentralUS""
}
"
get me a rg with name Lake Sarah in location WestUS,"
resource ""azurerm_resource_group"" ""example"" {
    name=""Lake Sarah""
    location =""WestUS""
}
"
get me a rg with name Ruthbury in location EastUS,"
resource ""azurerm_resource_group"" ""example"" {
    name=""Ruthbury""
    location =""EastUS""
}
"
get me a rg with name North Valerie in location SouthCentralUS,"
resource ""azurerm_resource_group"" ""example"" {
    name=""North Valerie""
    location =""SouthCentralUS""
}
"
get me a rg with name Wilsonton in location NorthCentralUS,"
resource ""azurerm_resource_group"" ""example"" {
    name=""Wilsonton""
    location =""NorthCentralUS""
}
"
get me a rg with name East Peggyberg in location EastUS2,"
resource ""azurerm_resource_group"" ""example"" {
    name=""East Peggyberg""
    location =""EastUS2""
}
"
get me a rg with name Mcgeeshire in location SouthCentralUS,"
resource ""azurerm_resource_group"" ""example"" {
    name=""Mcgeeshire""
    location =""SouthCentralUS""
}
"
get me a rg with name North Sherriville in location NorthCentralUS,"
resource ""azurerm_resource_group"" ""example"" {
    name=""North Sherriville""
    location =""NorthCentralUS""
}
"
get me a rg with name Wellsfort in location EastUS2,"
resource ""azurerm_resource_group"" ""example"" {
    name=""Wellsfort""
    location =""EastUS2""
}
"
get me a rg with name Jenniferburgh in location SouthCentralUS,"
resource ""azurerm_resource_group"" ""example"" {
    name=""Jenniferburgh""
    location =""SouthCentralUS""
}
"
get me a rg with name Port Jorge in location SouthCentralUS,"
resource ""azurerm_resource_group"" ""example"" {
    name=""Port Jorge""
    location =""SouthCentralUS""
}
"
get me a rg with name Christopherport in location NorthCentralUS,"
resource ""azurerm_resource_group"" ""example"" {
    name=""Christopherport""
    location =""NorthCentralUS""
}
"
get me a rg with name Cooperburgh in location EastUS,"
resource ""azurerm_resource_group"" ""example"" {
    name=""Cooperburgh""
    location =""EastUS""
}
"
get me a rg with name South Ericstad in location SouthCentralUS,"
resource ""azurerm_resource_group"" ""example"" {
    name=""South Ericstad""
    location =""SouthCentralUS""
}
"
get me a rg with name Frenchburgh in location NorthCentralUS,"
resource ""azurerm_resource_group"" ""example"" {
    name=""Frenchburgh""
    location =""NorthCentralUS""
}
"
get me a rg with name West Andrew in location WestUS,"
resource ""azurerm_resource_group"" ""example"" {
    name=""West Andrew""
    location =""WestUS""
}
"
get me a rg with name Blankenshipberg in location WestUS,"
resource ""azurerm_resource_group"" ""example"" {
    name=""Blankenshipberg""
    location =""WestUS""
}
"
get me a rg with name Lake Ashley in location NorthCentralUS,"
resource ""azurerm_resource_group"" ""example"" {
    name=""Lake Ashley""
    location =""NorthCentralUS""
}
"
get me a rg with name Powerstown in location WestUS,"
resource ""azurerm_resource_group"" ""example"" {
    name=""Powerstown""
    location =""WestUS""
}
"
get me a rg with name Watsonville in location EastUS,"
resource ""azurerm_resource_group"" ""example"" {
    name=""Watsonville""
    location =""EastUS""
}
"
get me a rg with name South Anthony in location WestUS,"
resource ""azurerm_resource_group"" ""example"" {
    name=""South Anthony""
    location =""WestUS""
}
"
get me a rg with name South Stephanieville in location EastUS,"
resource ""azurerm_resource_group"" ""example"" {
    name=""South Stephanieville""
    location =""EastUS""
}
"
get me a rg with name Mitchellhaven in location EastUS,"
resource ""azurerm_resource_group"" ""example"" {
    name=""Mitchellhaven""
    location =""EastUS""
}
"
get me a rg with name Grahamview in location WestUS,"
resource ""azurerm_resource_group"" ""example"" {
    name=""Grahamview""
    location =""WestUS""
}
"
get me a rg with name North Crystal in location WestUS,"
resource ""azurerm_resource_group"" ""example"" {
    name=""North Crystal""
    location =""WestUS""
}
"
get me a rg with name North Brandon in location EastUS2,"
resource ""azurerm_resource_group"" ""example"" {
    name=""North Brandon""
    location =""EastUS2""
}
"
get me a rg with name Port Wendytown in location WestUS,"
resource ""azurerm_resource_group"" ""example"" {
    name=""Port Wendytown""
    location =""WestUS""
}
"
get me a rg with name Christopherborough in location SouthCentralUS,"
resource ""azurerm_resource_group"" ""example"" {
    name=""Christopherborough""
    location =""SouthCentralUS""
}
"
get me a rg with name East Sara in location WestUS,"
resource ""azurerm_resource_group"" ""example"" {
    name=""East Sara""
    location =""WestUS""
}
"
get me a rg with name Keithfurt in location SouthCentralUS,"
resource ""azurerm_resource_group"" ""example"" {
    name=""Keithfurt""
    location =""SouthCentralUS""
}
"
get me a rg with name Woodbury in location EastUS,"
resource ""azurerm_resource_group"" ""example"" {
    name=""Woodbury""
    location =""EastUS""
}
"
get me a rg with name New Davidshire in location WestUS,"
resource ""azurerm_resource_group"" ""example"" {
    name=""New Davidshire""
    location =""WestUS""
}
"
get me a rg with name Lake Dylan in location SouthCentralUS,"
resource ""azurerm_resource_group"" ""example"" {
    name=""Lake Dylan""
    location =""SouthCentralUS""
}
"
get me a rg with name Paulabury in location EastUS2,"
resource ""azurerm_resource_group"" ""example"" {
    name=""Paulabury""
    location =""EastUS2""
}
"
get me a rg with name New Randall in location EastUS,"
resource ""azurerm_resource_group"" ""example"" {
    name=""New Randall""
    location =""EastUS""
}
"
get me a rg with name Port Janefort in location NorthCentralUS,"
resource ""azurerm_resource_group"" ""example"" {
    name=""Port Janefort""
    location =""NorthCentralUS""
}
"
get me a rg with name Kimberlymouth in location EastUS2,"
resource ""azurerm_resource_group"" ""example"" {
    name=""Kimberlymouth""
    location =""EastUS2""
}
"
get me a rg with name Jakeshire in location WestUS,"
resource ""azurerm_resource_group"" ""example"" {
    name=""Jakeshire""
    location =""WestUS""
}
"
get me a rg with name Williamsland in location EastUS,"
resource ""azurerm_resource_group"" ""example"" {
    name=""Williamsland""
    location =""EastUS""
}
"
get me a rg with name Kennethville in location SouthCentralUS,"
resource ""azurerm_resource_group"" ""example"" {
    name=""Kennethville""
    location =""SouthCentralUS""
}
"
get me a rg with name Lawsonland in location WestUS,"
resource ""azurerm_resource_group"" ""example"" {
    name=""Lawsonland""
    location =""WestUS""
}
"
get me a rg with name Lake Dana in location SouthCentralUS,"
resource ""azurerm_resource_group"" ""example"" {
    name=""Lake Dana""
    location =""SouthCentralUS""
}
"
get me a rg with name Deborahton in location EastUS2,"
resource ""azurerm_resource_group"" ""example"" {
    name=""Deborahton""
    location =""EastUS2""
}
"
get me a rg with name Lake Justin in location EastUS,"
resource ""azurerm_resource_group"" ""example"" {
    name=""Lake Justin""
    location =""EastUS""
}
"
get me a rg with name North James in location EastUS,"
resource ""azurerm_resource_group"" ""example"" {
    name=""North James""
    location =""EastUS""
}
"
get me a rg with name Kellyview in location EastUS2,"
resource ""azurerm_resource_group"" ""example"" {
    name=""Kellyview""
    location =""EastUS2""
}
"
get me a rg with name East Paulton in location NorthCentralUS,"
resource ""azurerm_resource_group"" ""example"" {
    name=""East Paulton""
    location =""NorthCentralUS""
}
"
get me a rg with name East Brianview in location EastUS2,"
resource ""azurerm_resource_group"" ""example"" {
    name=""East Brianview""
    location =""EastUS2""
}
"
get me a rg with name Simmonsland in location EastUS2,"
resource ""azurerm_resource_group"" ""example"" {
    name=""Simmonsland""
    location =""EastUS2""
}
"
get me a rg with name East Laurentown in location NorthCentralUS,"
resource ""azurerm_resource_group"" ""example"" {
    name=""East Laurentown""
    location =""NorthCentralUS""
}
"
get me a rg with name South Philip in location EastUS2,"
resource ""azurerm_resource_group"" ""example"" {
    name=""South Philip""
    location =""EastUS2""
}
"
get me a rg with name South Kirstenberg in location EastUS,"
resource ""azurerm_resource_group"" ""example"" {
    name=""South Kirstenberg""
    location =""EastUS""
}
"
get me a rg with name Carlsonmouth in location EastUS,"
resource ""azurerm_resource_group"" ""example"" {
    name=""Carlsonmouth""
    location =""EastUS""
}
"
get me a rg with name West Christophermouth in location EastUS,"
resource ""azurerm_resource_group"" ""example"" {
    name=""West Christophermouth""
    location =""EastUS""
}
"
get me a rg with name Davischester in location SouthCentralUS,"
resource ""azurerm_resource_group"" ""example"" {
    name=""Davischester""
    location =""SouthCentralUS""
}
"
get me a rg with name Alexaton in location WestUS,"
resource ""azurerm_resource_group"" ""example"" {
    name=""Alexaton""
    location =""WestUS""
}
"
get me a rg with name West Rayville in location EastUS2,"
resource ""azurerm_resource_group"" ""example"" {
    name=""West Rayville""
    location =""EastUS2""
}
"
get me a rg with name East Laura in location EastUS2,"
resource ""azurerm_resource_group"" ""example"" {
    name=""East Laura""
    location =""EastUS2""
}
"
get me a rg with name New Jillport in location EastUS2,"
resource ""azurerm_resource_group"" ""example"" {
    name=""New Jillport""
    location =""EastUS2""
}
"
get me a rg with name Danielfort in location SouthCentralUS,"
resource ""azurerm_resource_group"" ""example"" {
    name=""Danielfort""
    location =""SouthCentralUS""
}
"
get me a rg with name West Sarah in location EastUS2,"
resource ""azurerm_resource_group"" ""example"" {
    name=""West Sarah""
    location =""EastUS2""
}
"
get me a rg with name East Codyfurt in location EastUS,"
resource ""azurerm_resource_group"" ""example"" {
    name=""East Codyfurt""
    location =""EastUS""
}
"
get me a rg with name North Laura in location EastUS,"
resource ""azurerm_resource_group"" ""example"" {
    name=""North Laura""
    location =""EastUS""
}
"
get me a rg with name Port Markbury in location EastUS2,"
resource ""azurerm_resource_group"" ""example"" {
    name=""Port Markbury""
    location =""EastUS2""
}
"
get me a rg with name Karistad in location SouthCentralUS,"
resource ""azurerm_resource_group"" ""example"" {
    name=""Karistad""
    location =""SouthCentralUS""
}
"
get me a rg with name Michaelview in location SouthCentralUS,"
resource ""azurerm_resource_group"" ""example"" {
    name=""Michaelview""
    location =""SouthCentralUS""
}
"
get me a rg with name Montoyaborough in location WestUS,"
resource ""azurerm_resource_group"" ""example"" {
    name=""Montoyaborough""
    location =""WestUS""
}
"
get me a rg with name West Anthonyshire in location EastUS,"
resource ""azurerm_resource_group"" ""example"" {
    name=""West Anthonyshire""
    location =""EastUS""
}
"
get me a rg with name North Anthonyburgh in location NorthCentralUS,"
resource ""azurerm_resource_group"" ""example"" {
    name=""North Anthonyburgh""
    location =""NorthCentralUS""
}
"
get me a rg with name Jenniferville in location NorthCentralUS,"
resource ""azurerm_resource_group"" ""example"" {
    name=""Jenniferville""
    location =""NorthCentralUS""
}
"
get me a rg with name Williamland in location EastUS,"
resource ""azurerm_resource_group"" ""example"" {
    name=""Williamland""
    location =""EastUS""
}
"
get me a rg with name South Sallyshire in location EastUS,"
resource ""azurerm_resource_group"" ""example"" {
    name=""South Sallyshire""
    location =""EastUS""
}
"
get me a rg with name Jamieside in location EastUS,"
resource ""azurerm_resource_group"" ""example"" {
    name=""Jamieside""
    location =""EastUS""
}
"
get me a rg with name Fowlerhaven in location NorthCentralUS,"
resource ""azurerm_resource_group"" ""example"" {
    name=""Fowlerhaven""
    location =""NorthCentralUS""
}
"
get me a rg with name South Janiceland in location NorthCentralUS,"
resource ""azurerm_resource_group"" ""example"" {
    name=""South Janiceland""
    location =""NorthCentralUS""
}
"
get me a rg with name Lake John in location EastUS,"
resource ""azurerm_resource_group"" ""example"" {
    name=""Lake John""
    location =""EastUS""
}
"
get me a rg with name Odonnellmouth in location EastUS2,"
resource ""azurerm_resource_group"" ""example"" {
    name=""Odonnellmouth""
    location =""EastUS2""
}
"
get me a rg with name North Ronaldtown in location WestUS,"
resource ""azurerm_resource_group"" ""example"" {
    name=""North Ronaldtown""
    location =""WestUS""
}
"
get me a rg with name Pennyton in location SouthCentralUS,"
resource ""azurerm_resource_group"" ""example"" {
    name=""Pennyton""
    location =""SouthCentralUS""
}
"
get me a rg with name New Jessica in location EastUS,"
resource ""azurerm_resource_group"" ""example"" {
    name=""New Jessica""
    location =""EastUS""
}
"
get me a rg with name Blairburgh in location EastUS,"
resource ""azurerm_resource_group"" ""example"" {
    name=""Blairburgh""
    location =""EastUS""
}
"
get me a rg with name South Adamshire in location WestUS,"
resource ""azurerm_resource_group"" ""example"" {
    name=""South Adamshire""
    location =""WestUS""
}
"
get me a rg with name West Stevechester in location EastUS,"
resource ""azurerm_resource_group"" ""example"" {
    name=""West Stevechester""
    location =""EastUS""
}
"
get me a rg with name Michaelburgh in location NorthCentralUS,"
resource ""azurerm_resource_group"" ""example"" {
    name=""Michaelburgh""
    location =""NorthCentralUS""
}
"
get me a rg with name Clarkview in location WestUS,"
resource ""azurerm_resource_group"" ""example"" {
    name=""Clarkview""
    location =""WestUS""
}
"
get me a rg with name West Evelyn in location EastUS2,"
resource ""azurerm_resource_group"" ""example"" {
    name=""West Evelyn""
    location =""EastUS2""
}
"
get me a rg with name New Shelleyborough in location SouthCentralUS,"
resource ""azurerm_resource_group"" ""example"" {
    name=""New Shelleyborough""
    location =""SouthCentralUS""
}
"
get me a rg with name East Jamiefurt in location WestUS,"
resource ""azurerm_resource_group"" ""example"" {
    name=""East Jamiefurt""
    location =""WestUS""
}
"
get me a rg with name Nancyview in location SouthCentralUS,"
resource ""azurerm_resource_group"" ""example"" {
    name=""Nancyview""
    location =""SouthCentralUS""
}
"
get me a rg with name New Tara in location SouthCentralUS,"
resource ""azurerm_resource_group"" ""example"" {
    name=""New Tara""
    location =""SouthCentralUS""
}
"
get me a rg with name North Kevin in location SouthCentralUS,"
resource ""azurerm_resource_group"" ""example"" {
    name=""North Kevin""
    location =""SouthCentralUS""
}
"
get me a rg with name Christophershire in location WestUS,"
resource ""azurerm_resource_group"" ""example"" {
    name=""Christophershire""
    location =""WestUS""
}
"
get me a rg with name Lake Taylor in location SouthCentralUS,"
resource ""azurerm_resource_group"" ""example"" {
    name=""Lake Taylor""
    location =""SouthCentralUS""
}
"
get me a rg with name North Jaychester in location NorthCentralUS,"
resource ""azurerm_resource_group"" ""example"" {
    name=""North Jaychester""
    location =""NorthCentralUS""
}
"
get me a rg with name North Ashley in location NorthCentralUS,"
resource ""azurerm_resource_group"" ""example"" {
    name=""North Ashley""
    location =""NorthCentralUS""
}
"
get me a rg with name Jamesburgh in location WestUS,"
resource ""azurerm_resource_group"" ""example"" {
    name=""Jamesburgh""
    location =""WestUS""
}
"
get me a rg with name Nelsonland in location WestUS,"
resource ""azurerm_resource_group"" ""example"" {
    name=""Nelsonland""
    location =""WestUS""
}
"
get me a rg with name Herreraton in location SouthCentralUS,"
resource ""azurerm_resource_group"" ""example"" {
    name=""Herreraton""
    location =""SouthCentralUS""
}
"
get me a rg with name Stevenbury in location WestUS,"
resource ""azurerm_resource_group"" ""example"" {
    name=""Stevenbury""
    location =""WestUS""
}
"
get me a rg with name Port Arthur in location EastUS2,"
resource ""azurerm_resource_group"" ""example"" {
    name=""Port Arthur""
    location =""EastUS2""
}
"
get me a rg with name Port Ryan in location SouthCentralUS,"
resource ""azurerm_resource_group"" ""example"" {
    name=""Port Ryan""
    location =""SouthCentralUS""
}
"
get me a rg with name South Rogerton in location NorthCentralUS,"
resource ""azurerm_resource_group"" ""example"" {
    name=""South Rogerton""
    location =""NorthCentralUS""
}
"
get me a rg with name Jonesfurt in location EastUS2,"
resource ""azurerm_resource_group"" ""example"" {
    name=""Jonesfurt""
    location =""EastUS2""
}
"
get me a rg with name Lake Benjaminshire in location EastUS,"
resource ""azurerm_resource_group"" ""example"" {
    name=""Lake Benjaminshire""
    location =""EastUS""
}
"
get me a rg with name Johnsonfurt in location WestUS,"
resource ""azurerm_resource_group"" ""example"" {
    name=""Johnsonfurt""
    location =""WestUS""
}
"
get me a rg with name West Timothyview in location EastUS,"
resource ""azurerm_resource_group"" ""example"" {
    name=""West Timothyview""
    location =""EastUS""
}
"
get me a rg with name Francismouth in location SouthCentralUS,"
resource ""azurerm_resource_group"" ""example"" {
    name=""Francismouth""
    location =""SouthCentralUS""
}
"
get me a rg with name Gregorymouth in location EastUS,"
resource ""azurerm_resource_group"" ""example"" {
    name=""Gregorymouth""
    location =""EastUS""
}
"
get me a rg with name West Casey in location EastUS,"
resource ""azurerm_resource_group"" ""example"" {
    name=""West Casey""
    location =""EastUS""
}
"
get me a rg with name Travisberg in location EastUS,"
resource ""azurerm_resource_group"" ""example"" {
    name=""Travisberg""
    location =""EastUS""
}
"
get me a rg with name Jonesfort in location WestUS,"
resource ""azurerm_resource_group"" ""example"" {
    name=""Jonesfort""
    location =""WestUS""
}
"
get me a rg with name Leslieberg in location EastUS2,"
resource ""azurerm_resource_group"" ""example"" {
    name=""Leslieberg""
    location =""EastUS2""
}
"
get me a rg with name Perezmouth in location EastUS,"
resource ""azurerm_resource_group"" ""example"" {
    name=""Perezmouth""
    location =""EastUS""
}
"
get me a rg with name East Albert in location EastUS,"
resource ""azurerm_resource_group"" ""example"" {
    name=""East Albert""
    location =""EastUS""
}
"
get me a rg with name Sanchezberg in location WestUS,"
resource ""azurerm_resource_group"" ""example"" {
    name=""Sanchezberg""
    location =""WestUS""
}
"
get me a rg with name Johnstad in location WestUS,"
resource ""azurerm_resource_group"" ""example"" {
    name=""Johnstad""
    location =""WestUS""
}
"
get me a rg with name Lake Nicole in location EastUS2,"
resource ""azurerm_resource_group"" ""example"" {
    name=""Lake Nicole""
    location =""EastUS2""
}
"
get me a rg with name East Waltertown in location EastUS,"
resource ""azurerm_resource_group"" ""example"" {
    name=""East Waltertown""
    location =""EastUS""
}
"
get me a rg with name Lake Raymondborough in location NorthCentralUS,"
resource ""azurerm_resource_group"" ""example"" {
    name=""Lake Raymondborough""
    location =""NorthCentralUS""
}
"
get me a rg with name Boydside in location SouthCentralUS,"
resource ""azurerm_resource_group"" ""example"" {
    name=""Boydside""
    location =""SouthCentralUS""
}
"
get me a rg with name Allentown in location WestUS,"
resource ""azurerm_resource_group"" ""example"" {
    name=""Allentown""
    location =""WestUS""
}
"
get me a rg with name Jonesmouth in location WestUS,"
resource ""azurerm_resource_group"" ""example"" {
    name=""Jonesmouth""
    location =""WestUS""
}
"
get me a rg with name Stephensonland in location EastUS2,"
resource ""azurerm_resource_group"" ""example"" {
    name=""Stephensonland""
    location =""EastUS2""
}
"
get me a rg with name New Nicole in location NorthCentralUS,"
resource ""azurerm_resource_group"" ""example"" {
    name=""New Nicole""
    location =""NorthCentralUS""
}
"
get me a rg with name Stephaniefort in location NorthCentralUS,"
resource ""azurerm_resource_group"" ""example"" {
    name=""Stephaniefort""
    location =""NorthCentralUS""
}
"
get me a rg with name Annafort in location EastUS,"
resource ""azurerm_resource_group"" ""example"" {
    name=""Annafort""
    location =""EastUS""
}
"
get me a rg with name South Erin in location EastUS,"
resource ""azurerm_resource_group"" ""example"" {
    name=""South Erin""
    location =""EastUS""
}
"
get me a rg with name Brooksbury in location NorthCentralUS,"
resource ""azurerm_resource_group"" ""example"" {
    name=""Brooksbury""
    location =""NorthCentralUS""
}
"
get me a rg with name Lowefurt in location NorthCentralUS,"
resource ""azurerm_resource_group"" ""example"" {
    name=""Lowefurt""
    location =""NorthCentralUS""
}
"
get me a rg with name New Michaelland in location SouthCentralUS,"
resource ""azurerm_resource_group"" ""example"" {
    name=""New Michaelland""
    location =""SouthCentralUS""
}
"
get me a rg with name Curryview in location NorthCentralUS,"
resource ""azurerm_resource_group"" ""example"" {
    name=""Curryview""
    location =""NorthCentralUS""
}
"
get me a rg with name Mitchellville in location EastUS2,"
resource ""azurerm_resource_group"" ""example"" {
    name=""Mitchellville""
    location =""EastUS2""
}
"
get me a rg with name Lake Robertchester in location EastUS2,"
resource ""azurerm_resource_group"" ""example"" {
    name=""Lake Robertchester""
    location =""EastUS2""
}
"
get me a rg with name Hollowayland in location WestUS,"
resource ""azurerm_resource_group"" ""example"" {
    name=""Hollowayland""
    location =""WestUS""
}
"
get me a rg with name West Dannyfort in location WestUS,"
resource ""azurerm_resource_group"" ""example"" {
    name=""West Dannyfort""
    location =""WestUS""
}
"
get me a rg with name Castanedaville in location EastUS2,"
resource ""azurerm_resource_group"" ""example"" {
    name=""Castanedaville""
    location =""EastUS2""
}
"
get me a rg with name Kevinchester in location NorthCentralUS,"
resource ""azurerm_resource_group"" ""example"" {
    name=""Kevinchester""
    location =""NorthCentralUS""
}
"
get me a rg with name Lake Robertside in location SouthCentralUS,"
resource ""azurerm_resource_group"" ""example"" {
    name=""Lake Robertside""
    location =""SouthCentralUS""
}
"
get me a rg with name Benderborough in location SouthCentralUS,"
resource ""azurerm_resource_group"" ""example"" {
    name=""Benderborough""
    location =""SouthCentralUS""
}
"
get me a rg with name West Brandon in location EastUS,"
resource ""azurerm_resource_group"" ""example"" {
    name=""West Brandon""
    location =""EastUS""
}
"
get me a rg with name East Amyton in location EastUS2,"
resource ""azurerm_resource_group"" ""example"" {
    name=""East Amyton""
    location =""EastUS2""
}
"
get me a rg with name Mcdonaldmouth in location NorthCentralUS,"
resource ""azurerm_resource_group"" ""example"" {
    name=""Mcdonaldmouth""
    location =""NorthCentralUS""
}
"
get me a rg with name Danielfurt in location EastUS2,"
resource ""azurerm_resource_group"" ""example"" {
    name=""Danielfurt""
    location =""EastUS2""
}
"
get me a rg with name South Katie in location EastUS2,"
resource ""azurerm_resource_group"" ""example"" {
    name=""South Katie""
    location =""EastUS2""
}
"
get me a rg with name South Bruceland in location EastUS,"
resource ""azurerm_resource_group"" ""example"" {
    name=""South Bruceland""
    location =""EastUS""
}
"
get me a rg with name Wardchester in location EastUS,"
resource ""azurerm_resource_group"" ""example"" {
    name=""Wardchester""
    location =""EastUS""
}
"
get me a rg with name Port Mark in location WestUS,"
resource ""azurerm_resource_group"" ""example"" {
    name=""Port Mark""
    location =""WestUS""
}
"
get me a rg with name Nicolefurt in location EastUS,"
resource ""azurerm_resource_group"" ""example"" {
    name=""Nicolefurt""
    location =""EastUS""
}
"
get me a rg with name Mezafurt in location EastUS,"
resource ""azurerm_resource_group"" ""example"" {
    name=""Mezafurt""
    location =""EastUS""
}
"
get me a rg with name Brownfurt in location SouthCentralUS,"
resource ""azurerm_resource_group"" ""example"" {
    name=""Brownfurt""
    location =""SouthCentralUS""
}
"
get me a rg with name North Marialand in location SouthCentralUS,"
resource ""azurerm_resource_group"" ""example"" {
    name=""North Marialand""
    location =""SouthCentralUS""
}
"
get me a rg with name East Shannon in location EastUS2,"
resource ""azurerm_resource_group"" ""example"" {
    name=""East Shannon""
    location =""EastUS2""
}
"
get me a rg with name Sarahmouth in location EastUS2,"
resource ""azurerm_resource_group"" ""example"" {
    name=""Sarahmouth""
    location =""EastUS2""
}
"
get me a rg with name West David in location WestUS,"
resource ""azurerm_resource_group"" ""example"" {
    name=""West David""
    location =""WestUS""
}
"
get me a rg with name Port Jose in location WestUS,"
resource ""azurerm_resource_group"" ""example"" {
    name=""Port Jose""
    location =""WestUS""
}
"
get me a rg with name Gonzalesport in location SouthCentralUS,"
resource ""azurerm_resource_group"" ""example"" {
    name=""Gonzalesport""
    location =""SouthCentralUS""
}
"
get me a rg with name West Darin in location NorthCentralUS,"
resource ""azurerm_resource_group"" ""example"" {
    name=""West Darin""
    location =""NorthCentralUS""
}
"
get me a rg with name Jamesport in location NorthCentralUS,"
resource ""azurerm_resource_group"" ""example"" {
    name=""Jamesport""
    location =""NorthCentralUS""
}
"
get me a rg with name South Robertville in location WestUS,"
resource ""azurerm_resource_group"" ""example"" {
    name=""South Robertville""
    location =""WestUS""
}
"
get me a rg with name Port Deborahberg in location NorthCentralUS,"
resource ""azurerm_resource_group"" ""example"" {
    name=""Port Deborahberg""
    location =""NorthCentralUS""
}
"
get me a rg with name West Clintonberg in location EastUS2,"
resource ""azurerm_resource_group"" ""example"" {
    name=""West Clintonberg""
    location =""EastUS2""
}
"
get me a rg with name North Loriport in location SouthCentralUS,"
resource ""azurerm_resource_group"" ""example"" {
    name=""North Loriport""
    location =""SouthCentralUS""
}
"
get me a rg with name West Megan in location WestUS,"
resource ""azurerm_resource_group"" ""example"" {
    name=""West Megan""
    location =""WestUS""
}
"
get me a rg with name Hendrixchester in location WestUS,"
resource ""azurerm_resource_group"" ""example"" {
    name=""Hendrixchester""
    location =""WestUS""
}
"
get me a rg with name Karenmouth in location WestUS,"
resource ""azurerm_resource_group"" ""example"" {
    name=""Karenmouth""
    location =""WestUS""
}
"
get me a rg with name Ericashire in location NorthCentralUS,"
resource ""azurerm_resource_group"" ""example"" {
    name=""Ericashire""
    location =""NorthCentralUS""
}
"
get me a rg with name Rogerfurt in location NorthCentralUS,"
resource ""azurerm_resource_group"" ""example"" {
    name=""Rogerfurt""
    location =""NorthCentralUS""
}
"
get me a rg with name North Alanbury in location EastUS2,"
resource ""azurerm_resource_group"" ""example"" {
    name=""North Alanbury""
    location =""EastUS2""
}
"
get me a rg with name West John in location EastUS,"
resource ""azurerm_resource_group"" ""example"" {
    name=""West John""
    location =""EastUS""
}
"
get me a rg with name New Tiffanyberg in location SouthCentralUS,"
resource ""azurerm_resource_group"" ""example"" {
    name=""New Tiffanyberg""
    location =""SouthCentralUS""
}
"
get me a rg with name East Gregory in location EastUS2,"
resource ""azurerm_resource_group"" ""example"" {
    name=""East Gregory""
    location =""EastUS2""
}
"
get me a rg with name East Lisa in location WestUS,"
resource ""azurerm_resource_group"" ""example"" {
    name=""East Lisa""
    location =""WestUS""
}
"
get me a rg with name Ryanborough in location EastUS2,"
resource ""azurerm_resource_group"" ""example"" {
    name=""Ryanborough""
    location =""EastUS2""
}
"
get me a rg with name Kimberlytown in location NorthCentralUS,"
resource ""azurerm_resource_group"" ""example"" {
    name=""Kimberlytown""
    location =""NorthCentralUS""
}
"
get me a rg with name West Michaelstad in location NorthCentralUS,"
resource ""azurerm_resource_group"" ""example"" {
    name=""West Michaelstad""
    location =""NorthCentralUS""
}
"
get me a rg with name Lake Katie in location SouthCentralUS,"
resource ""azurerm_resource_group"" ""example"" {
    name=""Lake Katie""
    location =""SouthCentralUS""
}
"
get me a rg with name Garciachester in location EastUS2,"
resource ""azurerm_resource_group"" ""example"" {
    name=""Garciachester""
    location =""EastUS2""
}
"
get me a rg with name Munozmouth in location EastUS2,"
resource ""azurerm_resource_group"" ""example"" {
    name=""Munozmouth""
    location =""EastUS2""
}
"
get me a rg with name West Aprilton in location SouthCentralUS,"
resource ""azurerm_resource_group"" ""example"" {
    name=""West Aprilton""
    location =""SouthCentralUS""
}
"
get me a rg with name Mollyhaven in location WestUS,"
resource ""azurerm_resource_group"" ""example"" {
    name=""Mollyhaven""
    location =""WestUS""
}
"
get me a rg with name Justinton in location EastUS,"
resource ""azurerm_resource_group"" ""example"" {
    name=""Justinton""
    location =""EastUS""
}
"
get me a rg with name Matthewsmouth in location WestUS,"
resource ""azurerm_resource_group"" ""example"" {
    name=""Matthewsmouth""
    location =""WestUS""
}
"
get me a rg with name Port Michelletown in location WestUS,"
resource ""azurerm_resource_group"" ""example"" {
    name=""Port Michelletown""
    location =""WestUS""
}
"
get me a rg with name Fischerborough in location SouthCentralUS,"
resource ""azurerm_resource_group"" ""example"" {
    name=""Fischerborough""
    location =""SouthCentralUS""
}
"
get me a rg with name North Jeffreyville in location NorthCentralUS,"
resource ""azurerm_resource_group"" ""example"" {
    name=""North Jeffreyville""
    location =""NorthCentralUS""
}
"
get me a rg with name New Pamelabury in location NorthCentralUS,"
resource ""azurerm_resource_group"" ""example"" {
    name=""New Pamelabury""
    location =""NorthCentralUS""
}
"
get me a rg with name Schmittport in location SouthCentralUS,"
resource ""azurerm_resource_group"" ""example"" {
    name=""Schmittport""
    location =""SouthCentralUS""
}
"
get me a rg with name New Cameronshire in location EastUS,"
resource ""azurerm_resource_group"" ""example"" {
    name=""New Cameronshire""
    location =""EastUS""
}
"
get me a rg with name Amystad in location EastUS,"
resource ""azurerm_resource_group"" ""example"" {
    name=""Amystad""
    location =""EastUS""
}
"
get me a rg with name South Mary in location WestUS,"
resource ""azurerm_resource_group"" ""example"" {
    name=""South Mary""
    location =""WestUS""
}
"
get me a rg with name Smithtown in location SouthCentralUS,"
resource ""azurerm_resource_group"" ""example"" {
    name=""Smithtown""
    location =""SouthCentralUS""
}
"
get me a rg with name North Robin in location SouthCentralUS,"
resource ""azurerm_resource_group"" ""example"" {
    name=""North Robin""
    location =""SouthCentralUS""
}
"
get me a rg with name Valerietown in location EastUS,"
resource ""azurerm_resource_group"" ""example"" {
    name=""Valerietown""
    location =""EastUS""
}
"
get me a rg with name Delgadofurt in location EastUS2,"
resource ""azurerm_resource_group"" ""example"" {
    name=""Delgadofurt""
    location =""EastUS2""
}
"
get me a rg with name New Adamfort in location NorthCentralUS,"
resource ""azurerm_resource_group"" ""example"" {
    name=""New Adamfort""
    location =""NorthCentralUS""
}
"
get me a rg with name Port Haydenmouth in location SouthCentralUS,"
resource ""azurerm_resource_group"" ""example"" {
    name=""Port Haydenmouth""
    location =""SouthCentralUS""
}
"
get me a rg with name Yoderchester in location NorthCentralUS,"
resource ""azurerm_resource_group"" ""example"" {
    name=""Yoderchester""
    location =""NorthCentralUS""
}
"
prompt,code
provision me a rg with name North Wayne in location NorthCentralUS,"
resource ""azurerm_resource_group"" ""example"" {
    name=""North Wayne""
    location =""NorthCentralUS""
}
"
provision me a rg with name Michaelport in location EastUS2,"
resource ""azurerm_resource_group"" ""example"" {
    name=""Michaelport""
    location =""EastUS2""
}
"
provision me a rg with name Colefurt in location EastUS2,"
resource ""azurerm_resource_group"" ""example"" {
    name=""Colefurt""
    location =""EastUS2""
}
"
provision me a rg with name Matthewsfurt in location EastUS2,"
resource ""azurerm_resource_group"" ""example"" {
    name=""Matthewsfurt""
    location =""EastUS2""
}
"
provision me a rg with name South Ruth in location EastUS2,"
resource ""azurerm_resource_group"" ""example"" {
    name=""South Ruth""
    location =""EastUS2""
}
"
provision me a rg with name Meredithville in location NorthCentralUS,"
resource ""azurerm_resource_group"" ""example"" {
    name=""Meredithville""
    location =""NorthCentralUS""
}
"
provision me a rg with name Torresstad in location EastUS2,"
resource ""azurerm_resource_group"" ""example"" {
    name=""Torresstad""
    location =""EastUS2""
}
"
provision me a rg with name East Jenna in location SouthCentralUS,"
resource ""azurerm_resource_group"" ""example"" {
    name=""East Jenna""
    location =""SouthCentralUS""
}
"
provision me a rg with name North Douglasville in location SouthCentralUS,"
resource ""azurerm_resource_group"" ""example"" {
    name=""North Douglasville""
    location =""SouthCentralUS""
}
"
provision me a rg with name Terriberg in location EastUS2,"
resource ""azurerm_resource_group"" ""example"" {
    name=""Terriberg""
    location =""EastUS2""
}
"
provision me a rg with name Lake Julieland in location WestUS,"
resource ""azurerm_resource_group"" ""example"" {
    name=""Lake Julieland""
    location =""WestUS""
}
"
provision me a rg with name Floydborough in location WestUS,"
resource ""azurerm_resource_group"" ""example"" {
    name=""Floydborough""
    location =""WestUS""
}
"
provision me a rg with name Lake Jeremyfurt in location WestUS,"
resource ""azurerm_resource_group"" ""example"" {
    name=""Lake Jeremyfurt""
    location =""WestUS""
}
"
provision me a rg with name Hutchinsonchester in location WestUS,"
resource ""azurerm_resource_group"" ""example"" {
    name=""Hutchinsonchester""
    location =""WestUS""
}
"
provision me a rg with name New Jasminestad in location WestUS,"
resource ""azurerm_resource_group"" ""example"" {
    name=""New Jasminestad""
    location =""WestUS""
}
"
provision me a rg with name New Christopherport in location EastUS,"
resource ""azurerm_resource_group"" ""example"" {
    name=""New Christopherport""
    location =""EastUS""
}
"
provision me a rg with name Mckenziefort in location EastUS2,"
resource ""azurerm_resource_group"" ""example"" {
    name=""Mckenziefort""
    location =""EastUS2""
}
"
provision me a rg with name Bethland in location EastUS,"
resource ""azurerm_resource_group"" ""example"" {
    name=""Bethland""
    location =""EastUS""
}
"
provision me a rg with name New Andrew in location SouthCentralUS,"
resource ""azurerm_resource_group"" ""example"" {
    name=""New Andrew""
    location =""SouthCentralUS""
}
"
provision me a rg with name Port Elizabethview in location EastUS2,"
resource ""azurerm_resource_group"" ""example"" {
    name=""Port Elizabethview""
    location =""EastUS2""
}
"
provision me a rg with name Adamland in location NorthCentralUS,"
resource ""azurerm_resource_group"" ""example"" {
    name=""Adamland""
    location =""NorthCentralUS""
}
"
provision me a rg with name South Derrick in location SouthCentralUS,"
resource ""azurerm_resource_group"" ""example"" {
    name=""South Derrick""
    location =""SouthCentralUS""
}
"
provision me a rg with name Belltown in location EastUS,"
resource ""azurerm_resource_group"" ""example"" {
    name=""Belltown""
    location =""EastUS""
}
"
provision me a rg with name New Brianside in location NorthCentralUS,"
resource ""azurerm_resource_group"" ""example"" {
    name=""New Brianside""
    location =""NorthCentralUS""
}
"
provision me a rg with name East Melissaside in location EastUS2,"
resource ""azurerm_resource_group"" ""example"" {
    name=""East Melissaside""
    location =""EastUS2""
}
"
provision me a rg with name Lake Stephaniemouth in location NorthCentralUS,"
resource ""azurerm_resource_group"" ""example"" {
    name=""Lake Stephaniemouth""
    location =""NorthCentralUS""
}
"
provision me a rg with name Burnsshire in location WestUS,"
resource ""azurerm_resource_group"" ""example"" {
    name=""Burnsshire""
    location =""WestUS""
}
"
provision me a rg with name Lake Jennifer in location EastUS2,"
resource ""azurerm_resource_group"" ""example"" {
    name=""Lake Jennifer""
    location =""EastUS2""
}
"
provision me a rg with name Luisland in location WestUS,"
resource ""azurerm_resource_group"" ""example"" {
    name=""Luisland""
    location =""WestUS""
}
"
provision me a rg with name Smithside in location SouthCentralUS,"
resource ""azurerm_resource_group"" ""example"" {
    name=""Smithside""
    location =""SouthCentralUS""
}
"
provision me a rg with name Andrewhaven in location EastUS2,"
resource ""azurerm_resource_group"" ""example"" {
    name=""Andrewhaven""
    location =""EastUS2""
}
"
provision me a rg with name Sandersborough in location SouthCentralUS,"
resource ""azurerm_resource_group"" ""example"" {
    name=""Sandersborough""
    location =""SouthCentralUS""
}
"
provision me a rg with name Taylormouth in location SouthCentralUS,"
resource ""azurerm_resource_group"" ""example"" {
    name=""Taylormouth""
    location =""SouthCentralUS""
}
"
provision me a rg with name Hallfurt in location SouthCentralUS,"
resource ""azurerm_resource_group"" ""example"" {
    name=""Hallfurt""
    location =""SouthCentralUS""
}
"
provision me a rg with name Lake Coryhaven in location EastUS,"
resource ""azurerm_resource_group"" ""example"" {
    name=""Lake Coryhaven""
    location =""EastUS""
}
"
provision me a rg with name Barnettmouth in location SouthCentralUS,"
resource ""azurerm_resource_group"" ""example"" {
    name=""Barnettmouth""
    location =""SouthCentralUS""
}
"
provision me a rg with name Briannaborough in location EastUS2,"
resource ""azurerm_resource_group"" ""example"" {
    name=""Briannaborough""
    location =""EastUS2""
}
"
provision me a rg with name Monicashire in location WestUS,"
resource ""azurerm_resource_group"" ""example"" {
    name=""Monicashire""
    location =""WestUS""
}
"
provision me a rg with name Irwinmouth in location SouthCentralUS,"
resource ""azurerm_resource_group"" ""example"" {
    name=""Irwinmouth""
    location =""SouthCentralUS""
}
"
provision me a rg with name West Margaret in location NorthCentralUS,"
resource ""azurerm_resource_group"" ""example"" {
    name=""West Margaret""
    location =""NorthCentralUS""
}
"
provision me a rg with name Josephfort in location NorthCentralUS,"
resource ""azurerm_resource_group"" ""example"" {
    name=""Josephfort""
    location =""NorthCentralUS""
}
"
provision me a rg with name North Terri in location NorthCentralUS,"
resource ""azurerm_resource_group"" ""example"" {
    name=""North Terri""
    location =""NorthCentralUS""
}
"
provision me a rg with name East Dawn in location EastUS2,"
resource ""azurerm_resource_group"" ""example"" {
    name=""East Dawn""
    location =""EastUS2""
}
"
provision me a rg with name Mollystad in location SouthCentralUS,"
resource ""azurerm_resource_group"" ""example"" {
    name=""Mollystad""
    location =""SouthCentralUS""
}
"
provision me a rg with name Port Nataliemouth in location WestUS,"
resource ""azurerm_resource_group"" ""example"" {
    name=""Port Nataliemouth""
    location =""WestUS""
}
"
provision me a rg with name Jesusmouth in location WestUS,"
resource ""azurerm_resource_group"" ""example"" {
    name=""Jesusmouth""
    location =""WestUS""
}
"
provision me a rg with name West Timothy in location NorthCentralUS,"
resource ""azurerm_resource_group"" ""example"" {
    name=""West Timothy""
    location =""NorthCentralUS""
}
"
provision me a rg with name Thomasmouth in location EastUS,"
resource ""azurerm_resource_group"" ""example"" {
    name=""Thomasmouth""
    location =""EastUS""
}
"
provision me a rg with name East Charlesview in location EastUS2,"
resource ""azurerm_resource_group"" ""example"" {
    name=""East Charlesview""
    location =""EastUS2""
}
"
provision me a rg with name West Tiffany in location EastUS2,"
resource ""azurerm_resource_group"" ""example"" {
    name=""West Tiffany""
    location =""EastUS2""
}
"
provision me a rg with name Lanestad in location WestUS,"
resource ""azurerm_resource_group"" ""example"" {
    name=""Lanestad""
    location =""WestUS""
}
"
provision me a rg with name Averystad in location EastUS,"
resource ""azurerm_resource_group"" ""example"" {
    name=""Averystad""
    location =""EastUS""
}
"
provision me a rg with name South Travishaven in location SouthCentralUS,"
resource ""azurerm_resource_group"" ""example"" {
    name=""South Travishaven""
    location =""SouthCentralUS""
}
"
provision me a rg with name Jenniferfort in location WestUS,"
resource ""azurerm_resource_group"" ""example"" {
    name=""Jenniferfort""
    location =""WestUS""
}
"
provision me a rg with name South Jacquelinefurt in location EastUS,"
resource ""azurerm_resource_group"" ""example"" {
    name=""South Jacquelinefurt""
    location =""EastUS""
}
"
provision me a rg with name Vanessashire in location EastUS,"
resource ""azurerm_resource_group"" ""example"" {
    name=""Vanessashire""
    location =""EastUS""
}
"
provision me a rg with name West Thomas in location SouthCentralUS,"
resource ""azurerm_resource_group"" ""example"" {
    name=""West Thomas""
    location =""SouthCentralUS""
}
"
provision me a rg with name Ericland in location WestUS,"
resource ""azurerm_resource_group"" ""example"" {
    name=""Ericland""
    location =""WestUS""
}
"
provision me a rg with name Port Lauren in location EastUS,"
resource ""azurerm_resource_group"" ""example"" {
    name=""Port Lauren""
    location =""EastUS""
}
"
provision me a rg with name New Sandrashire in location EastUS2,"
resource ""azurerm_resource_group"" ""example"" {
    name=""New Sandrashire""
    location =""EastUS2""
}
"
provision me a rg with name Tuckerhaven in location SouthCentralUS,"
resource ""azurerm_resource_group"" ""example"" {
    name=""Tuckerhaven""
    location =""SouthCentralUS""
}
"
provision me a rg with name Gordonton in location NorthCentralUS,"
resource ""azurerm_resource_group"" ""example"" {
    name=""Gordonton""
    location =""NorthCentralUS""
}
"
provision me a rg with name Mcdonaldbury in location EastUS2,"
resource ""azurerm_resource_group"" ""example"" {
    name=""Mcdonaldbury""
    location =""EastUS2""
}
"
provision me a rg with name Kirkshire in location WestUS,"
resource ""azurerm_resource_group"" ""example"" {
    name=""Kirkshire""
    location =""WestUS""
}
"
provision me a rg with name Ayersborough in location EastUS2,"
resource ""azurerm_resource_group"" ""example"" {
    name=""Ayersborough""
    location =""EastUS2""
}
"
provision me a rg with name Brewerside in location SouthCentralUS,"
resource ""azurerm_resource_group"" ""example"" {
    name=""Brewerside""
    location =""SouthCentralUS""
}
"
provision me a rg with name Port Brittanyport in location WestUS,"
resource ""azurerm_resource_group"" ""example"" {
    name=""Port Brittanyport""
    location =""WestUS""
}
"
provision me a rg with name Thomasberg in location EastUS,"
resource ""azurerm_resource_group"" ""example"" {
    name=""Thomasberg""
    location =""EastUS""
}
"
provision me a rg with name New Lisa in location EastUS2,"
resource ""azurerm_resource_group"" ""example"" {
    name=""New Lisa""
    location =""EastUS2""
}
"
provision me a rg with name Lake Douglas in location WestUS,"
resource ""azurerm_resource_group"" ""example"" {
    name=""Lake Douglas""
    location =""WestUS""
}
"
provision me a rg with name New Kenneth in location EastUS,"
resource ""azurerm_resource_group"" ""example"" {
    name=""New Kenneth""
    location =""EastUS""
}
"
provision me a rg with name Loriland in location NorthCentralUS,"
resource ""azurerm_resource_group"" ""example"" {
    name=""Loriland""
    location =""NorthCentralUS""
}
"
provision me a rg with name Kimberlytown in location EastUS,"
resource ""azurerm_resource_group"" ""example"" {
    name=""Kimberlytown""
    location =""EastUS""
}
"
provision me a rg with name New Eileen in location EastUS2,"
resource ""azurerm_resource_group"" ""example"" {
    name=""New Eileen""
    location =""EastUS2""
}
"
provision me a rg with name Jessicabury in location NorthCentralUS,"
resource ""azurerm_resource_group"" ""example"" {
    name=""Jessicabury""
    location =""NorthCentralUS""
}
"
provision me a rg with name Hughesland in location WestUS,"
resource ""azurerm_resource_group"" ""example"" {
    name=""Hughesland""
    location =""WestUS""
}
"
provision me a rg with name North Sarahmouth in location SouthCentralUS,"
resource ""azurerm_resource_group"" ""example"" {
    name=""North Sarahmouth""
    location =""SouthCentralUS""
}
"
provision me a rg with name Ericastad in location SouthCentralUS,"
resource ""azurerm_resource_group"" ""example"" {
    name=""Ericastad""
    location =""SouthCentralUS""
}
"
provision me a rg with name Port Jeffreyview in location EastUS2,"
resource ""azurerm_resource_group"" ""example"" {
    name=""Port Jeffreyview""
    location =""EastUS2""
}
"
provision me a rg with name Olsonfort in location EastUS2,"
resource ""azurerm_resource_group"" ""example"" {
    name=""Olsonfort""
    location =""EastUS2""
}
"
provision me a rg with name Sherryshire in location NorthCentralUS,"
resource ""azurerm_resource_group"" ""example"" {
    name=""Sherryshire""
    location =""NorthCentralUS""
}
"
provision me a rg with name East Taylor in location NorthCentralUS,"
resource ""azurerm_resource_group"" ""example"" {
    name=""East Taylor""
    location =""NorthCentralUS""
}
"
provision me a rg with name Tarachester in location SouthCentralUS,"
resource ""azurerm_resource_group"" ""example"" {
    name=""Tarachester""
    location =""SouthCentralUS""
}
"
provision me a rg with name Rogersstad in location WestUS,"
resource ""azurerm_resource_group"" ""example"" {
    name=""Rogersstad""
    location =""WestUS""
}
"
provision me a rg with name Loganmouth in location EastUS2,"
resource ""azurerm_resource_group"" ""example"" {
    name=""Loganmouth""
    location =""EastUS2""
}
"
provision me a rg with name Rogersview in location SouthCentralUS,"
resource ""azurerm_resource_group"" ""example"" {
    name=""Rogersview""
    location =""SouthCentralUS""
}
"
provision me a rg with name Luiston in location NorthCentralUS,"
resource ""azurerm_resource_group"" ""example"" {
    name=""Luiston""
    location =""NorthCentralUS""
}
"
provision me a rg with name East Gilbertville in location EastUS,"
resource ""azurerm_resource_group"" ""example"" {
    name=""East Gilbertville""
    location =""EastUS""
}
"
provision me a rg with name Lake Kimberlybury in location WestUS,"
resource ""azurerm_resource_group"" ""example"" {
    name=""Lake Kimberlybury""
    location =""WestUS""
}
"
provision me a rg with name Jasonmouth in location NorthCentralUS,"
resource ""azurerm_resource_group"" ""example"" {
    name=""Jasonmouth""
    location =""NorthCentralUS""
}
"
provision me a rg with name Jeffreymouth in location WestUS,"
resource ""azurerm_resource_group"" ""example"" {
    name=""Jeffreymouth""
    location =""WestUS""
}
"
provision me a rg with name Nguyenburgh in location NorthCentralUS,"
resource ""azurerm_resource_group"" ""example"" {
    name=""Nguyenburgh""
    location =""NorthCentralUS""
}
"
provision me a rg with name South Willie in location SouthCentralUS,"
resource ""azurerm_resource_group"" ""example"" {
    name=""South Willie""
    location =""SouthCentralUS""
}
"
provision me a rg with name Bautistaland in location EastUS,"
resource ""azurerm_resource_group"" ""example"" {
    name=""Bautistaland""
    location =""EastUS""
}
"
provision me a rg with name Ricechester in location EastUS2,"
resource ""azurerm_resource_group"" ""example"" {
    name=""Ricechester""
    location =""EastUS2""
}
"
provision me a rg with name Lake Kellyfort in location SouthCentralUS,"
resource ""azurerm_resource_group"" ""example"" {
    name=""Lake Kellyfort""
    location =""SouthCentralUS""
}
"
provision me a rg with name Holtbury in location SouthCentralUS,"
resource ""azurerm_resource_group"" ""example"" {
    name=""Holtbury""
    location =""SouthCentralUS""
}
"
provision me a rg with name Byrdfort in location NorthCentralUS,"
resource ""azurerm_resource_group"" ""example"" {
    name=""Byrdfort""
    location =""NorthCentralUS""
}
"
provision me a rg with name North Crystalchester in location WestUS,"
resource ""azurerm_resource_group"" ""example"" {
    name=""North Crystalchester""
    location =""WestUS""
}
"
provision me a rg with name East Jose in location NorthCentralUS,"
resource ""azurerm_resource_group"" ""example"" {
    name=""East Jose""
    location =""NorthCentralUS""
}
"
provision me a rg with name Port Richard in location NorthCentralUS,"
resource ""azurerm_resource_group"" ""example"" {
    name=""Port Richard""
    location =""NorthCentralUS""
}
"
provision me a rg with name West Joseph in location EastUS2,"
resource ""azurerm_resource_group"" ""example"" {
    name=""West Joseph""
    location =""EastUS2""
}
"
provision me a rg with name Ronnieborough in location EastUS2,"
resource ""azurerm_resource_group"" ""example"" {
    name=""Ronnieborough""
    location =""EastUS2""
}
"
provision me a rg with name North Jasonburgh in location SouthCentralUS,"
resource ""azurerm_resource_group"" ""example"" {
    name=""North Jasonburgh""
    location =""SouthCentralUS""
}
"
provision me a rg with name Jenniferside in location EastUS2,"
resource ""azurerm_resource_group"" ""example"" {
    name=""Jenniferside""
    location =""EastUS2""
}
"
provision me a rg with name Lake Jason in location NorthCentralUS,"
resource ""azurerm_resource_group"" ""example"" {
    name=""Lake Jason""
    location =""NorthCentralUS""
}
"
provision me a rg with name Sharonport in location WestUS,"
resource ""azurerm_resource_group"" ""example"" {
    name=""Sharonport""
    location =""WestUS""
}
"
provision me a rg with name South Jenniferfort in location SouthCentralUS,"
resource ""azurerm_resource_group"" ""example"" {
    name=""South Jenniferfort""
    location =""SouthCentralUS""
}
"
provision me a rg with name Mackenzieborough in location NorthCentralUS,"
resource ""azurerm_resource_group"" ""example"" {
    name=""Mackenzieborough""
    location =""NorthCentralUS""
}
"
provision me a rg with name Deniseview in location NorthCentralUS,"
resource ""azurerm_resource_group"" ""example"" {
    name=""Deniseview""
    location =""NorthCentralUS""
}
"
provision me a rg with name South Natalie in location EastUS,"
resource ""azurerm_resource_group"" ""example"" {
    name=""South Natalie""
    location =""EastUS""
}
"
provision me a rg with name South Jessica in location EastUS2,"
resource ""azurerm_resource_group"" ""example"" {
    name=""South Jessica""
    location =""EastUS2""
}
"
provision me a rg with name Lake Craigport in location NorthCentralUS,"
resource ""azurerm_resource_group"" ""example"" {
    name=""Lake Craigport""
    location =""NorthCentralUS""
}
"
provision me a rg with name Thomasfurt in location SouthCentralUS,"
resource ""azurerm_resource_group"" ""example"" {
    name=""Thomasfurt""
    location =""SouthCentralUS""
}
"
provision me a rg with name Lake Angela in location EastUS,"
resource ""azurerm_resource_group"" ""example"" {
    name=""Lake Angela""
    location =""EastUS""
}
"
provision me a rg with name New Amanda in location EastUS2,"
resource ""azurerm_resource_group"" ""example"" {
    name=""New Amanda""
    location =""EastUS2""
}
"
provision me a rg with name Kimshire in location SouthCentralUS,"
resource ""azurerm_resource_group"" ""example"" {
    name=""Kimshire""
    location =""SouthCentralUS""
}
"
provision me a rg with name West Sheilaberg in location EastUS2,"
resource ""azurerm_resource_group"" ""example"" {
    name=""West Sheilaberg""
    location =""EastUS2""
}
"
provision me a rg with name West Adriana in location WestUS,"
resource ""azurerm_resource_group"" ""example"" {
    name=""West Adriana""
    location =""WestUS""
}
"
provision me a rg with name East Michelle in location NorthCentralUS,"
resource ""azurerm_resource_group"" ""example"" {
    name=""East Michelle""
    location =""NorthCentralUS""
}
"
provision me a rg with name Andersonville in location SouthCentralUS,"
resource ""azurerm_resource_group"" ""example"" {
    name=""Andersonville""
    location =""SouthCentralUS""
}
"
provision me a rg with name Jamestown in location EastUS2,"
resource ""azurerm_resource_group"" ""example"" {
    name=""Jamestown""
    location =""EastUS2""
}
"
provision me a rg with name Richardhaven in location SouthCentralUS,"
resource ""azurerm_resource_group"" ""example"" {
    name=""Richardhaven""
    location =""SouthCentralUS""
}
"
provision me a rg with name Port Jocelyn in location EastUS2,"
resource ""azurerm_resource_group"" ""example"" {
    name=""Port Jocelyn""
    location =""EastUS2""
}
"
provision me a rg with name West Kennethmouth in location EastUS,"
resource ""azurerm_resource_group"" ""example"" {
    name=""West Kennethmouth""
    location =""EastUS""
}
"
provision me a rg with name Nelsonbury in location SouthCentralUS,"
resource ""azurerm_resource_group"" ""example"" {
    name=""Nelsonbury""
    location =""SouthCentralUS""
}
"
provision me a rg with name Coopertown in location NorthCentralUS,"
resource ""azurerm_resource_group"" ""example"" {
    name=""Coopertown""
    location =""NorthCentralUS""
}
"
provision me a rg with name Danielleport in location NorthCentralUS,"
resource ""azurerm_resource_group"" ""example"" {
    name=""Danielleport""
    location =""NorthCentralUS""
}
"
provision me a rg with name Port Kaitlyn in location SouthCentralUS,"
resource ""azurerm_resource_group"" ""example"" {
    name=""Port Kaitlyn""
    location =""SouthCentralUS""
}
"
provision me a rg with name Lake Julianberg in location SouthCentralUS,"
resource ""azurerm_resource_group"" ""example"" {
    name=""Lake Julianberg""
    location =""SouthCentralUS""
}
"
provision me a rg with name Barryberg in location SouthCentralUS,"
resource ""azurerm_resource_group"" ""example"" {
    name=""Barryberg""
    location =""SouthCentralUS""
}
"
provision me a rg with name North Gerald in location NorthCentralUS,"
resource ""azurerm_resource_group"" ""example"" {
    name=""North Gerald""
    location =""NorthCentralUS""
}
"
provision me a rg with name Elizabethville in location WestUS,"
resource ""azurerm_resource_group"" ""example"" {
    name=""Elizabethville""
    location =""WestUS""
}
"
provision me a rg with name South Rebecca in location SouthCentralUS,"
resource ""azurerm_resource_group"" ""example"" {
    name=""South Rebecca""
    location =""SouthCentralUS""
}
"
provision me a rg with name Raymondview in location NorthCentralUS,"
resource ""azurerm_resource_group"" ""example"" {
    name=""Raymondview""
    location =""NorthCentralUS""
}
"
provision me a rg with name Port Stephenport in location WestUS,"
resource ""azurerm_resource_group"" ""example"" {
    name=""Port Stephenport""
    location =""WestUS""
}
"
provision me a rg with name South Amanda in location WestUS,"
resource ""azurerm_resource_group"" ""example"" {
    name=""South Amanda""
    location =""WestUS""
}
"
provision me a rg with name Anitaton in location WestUS,"
resource ""azurerm_resource_group"" ""example"" {
    name=""Anitaton""
    location =""WestUS""
}
"
provision me a rg with name Belltown in location EastUS2,"
resource ""azurerm_resource_group"" ""example"" {
    name=""Belltown""
    location =""EastUS2""
}
"
provision me a rg with name Jamesside in location SouthCentralUS,"
resource ""azurerm_resource_group"" ""example"" {
    name=""Jamesside""
    location =""SouthCentralUS""
}
"
provision me a rg with name New Jose in location WestUS,"
resource ""azurerm_resource_group"" ""example"" {
    name=""New Jose""
    location =""WestUS""
}
"
provision me a rg with name Lake Janefort in location NorthCentralUS,"
resource ""azurerm_resource_group"" ""example"" {
    name=""Lake Janefort""
    location =""NorthCentralUS""
}
"
provision me a rg with name West Alexander in location WestUS,"
resource ""azurerm_resource_group"" ""example"" {
    name=""West Alexander""
    location =""WestUS""
}
"
provision me a rg with name New Gerald in location EastUS,"
resource ""azurerm_resource_group"" ""example"" {
    name=""New Gerald""
    location =""EastUS""
}
"
provision me a rg with name Richardberg in location NorthCentralUS,"
resource ""azurerm_resource_group"" ""example"" {
    name=""Richardberg""
    location =""NorthCentralUS""
}
"
provision me a rg with name West Lisa in location SouthCentralUS,"
resource ""azurerm_resource_group"" ""example"" {
    name=""West Lisa""
    location =""SouthCentralUS""
}
"
provision me a rg with name Brownborough in location EastUS2,"
resource ""azurerm_resource_group"" ""example"" {
    name=""Brownborough""
    location =""EastUS2""
}
"
provision me a rg with name North Jamesside in location NorthCentralUS,"
resource ""azurerm_resource_group"" ""example"" {
    name=""North Jamesside""
    location =""NorthCentralUS""
}
"
provision me a rg with name North Bobby in location WestUS,"
resource ""azurerm_resource_group"" ""example"" {
    name=""North Bobby""
    location =""WestUS""
}
"
provision me a rg with name South Patrick in location EastUS2,"
resource ""azurerm_resource_group"" ""example"" {
    name=""South Patrick""
    location =""EastUS2""
}
"
provision me a rg with name North Thomasstad in location NorthCentralUS,"
resource ""azurerm_resource_group"" ""example"" {
    name=""North Thomasstad""
    location =""NorthCentralUS""
}
"
provision me a rg with name New Michelleville in location NorthCentralUS,"
resource ""azurerm_resource_group"" ""example"" {
    name=""New Michelleville""
    location =""NorthCentralUS""
}
"
provision me a rg with name Brendaton in location EastUS2,"
resource ""azurerm_resource_group"" ""example"" {
    name=""Brendaton""
    location =""EastUS2""
}
"
provision me a rg with name Jeffreyville in location EastUS2,"
resource ""azurerm_resource_group"" ""example"" {
    name=""Jeffreyville""
    location =""EastUS2""
}
"
provision me a rg with name Lake Curtis in location EastUS2,"
resource ""azurerm_resource_group"" ""example"" {
    name=""Lake Curtis""
    location =""EastUS2""
}
"
provision me a rg with name East Todd in location EastUS,"
resource ""azurerm_resource_group"" ""example"" {
    name=""East Todd""
    location =""EastUS""
}
"
provision me a rg with name Guerramouth in location NorthCentralUS,"
resource ""azurerm_resource_group"" ""example"" {
    name=""Guerramouth""
    location =""NorthCentralUS""
}
"
provision me a rg with name South Ashley in location WestUS,"
resource ""azurerm_resource_group"" ""example"" {
    name=""South Ashley""
    location =""WestUS""
}
"
provision me a rg with name South Mariaport in location SouthCentralUS,"
resource ""azurerm_resource_group"" ""example"" {
    name=""South Mariaport""
    location =""SouthCentralUS""
}
"
provision me a rg with name Sheltonshire in location NorthCentralUS,"
resource ""azurerm_resource_group"" ""example"" {
    name=""Sheltonshire""
    location =""NorthCentralUS""
}
"
provision me a rg with name New Anna in location EastUS,"
resource ""azurerm_resource_group"" ""example"" {
    name=""New Anna""
    location =""EastUS""
}
"
provision me a rg with name Vaughanchester in location EastUS,"
resource ""azurerm_resource_group"" ""example"" {
    name=""Vaughanchester""
    location =""EastUS""
}
"
provision me a rg with name Port Davidville in location EastUS2,"
resource ""azurerm_resource_group"" ""example"" {
    name=""Port Davidville""
    location =""EastUS2""
}
"
provision me a rg with name Hudsonbury in location WestUS,"
resource ""azurerm_resource_group"" ""example"" {
    name=""Hudsonbury""
    location =""WestUS""
}
"
provision me a rg with name North Joseph in location SouthCentralUS,"
resource ""azurerm_resource_group"" ""example"" {
    name=""North Joseph""
    location =""SouthCentralUS""
}
"
provision me a rg with name South Jenniferville in location WestUS,"
resource ""azurerm_resource_group"" ""example"" {
    name=""South Jenniferville""
    location =""WestUS""
}
"
provision me a rg with name West Theresafort in location EastUS2,"
resource ""azurerm_resource_group"" ""example"" {
    name=""West Theresafort""
    location =""EastUS2""
}
"
provision me a rg with name Port Seanburgh in location EastUS,"
resource ""azurerm_resource_group"" ""example"" {
    name=""Port Seanburgh""
    location =""EastUS""
}
"
provision me a rg with name East Luis in location NorthCentralUS,"
resource ""azurerm_resource_group"" ""example"" {
    name=""East Luis""
    location =""NorthCentralUS""
}
"
provision me a rg with name New Devin in location EastUS2,"
resource ""azurerm_resource_group"" ""example"" {
    name=""New Devin""
    location =""EastUS2""
}
"
provision me a rg with name Snydermouth in location NorthCentralUS,"
resource ""azurerm_resource_group"" ""example"" {
    name=""Snydermouth""
    location =""NorthCentralUS""
}
"
provision me a rg with name East Tamaraberg in location EastUS,"
resource ""azurerm_resource_group"" ""example"" {
    name=""East Tamaraberg""
    location =""EastUS""
}
"
provision me a rg with name East Raymondland in location WestUS,"
resource ""azurerm_resource_group"" ""example"" {
    name=""East Raymondland""
    location =""WestUS""
}
"
provision me a rg with name Esparzahaven in location EastUS2,"
resource ""azurerm_resource_group"" ""example"" {
    name=""Esparzahaven""
    location =""EastUS2""
}
"
provision me a rg with name Carolberg in location EastUS2,"
resource ""azurerm_resource_group"" ""example"" {
    name=""Carolberg""
    location =""EastUS2""
}
"
provision me a rg with name North Michael in location SouthCentralUS,"
resource ""azurerm_resource_group"" ""example"" {
    name=""North Michael""
    location =""SouthCentralUS""
}
"
provision me a rg with name Thompsonborough in location EastUS2,"
resource ""azurerm_resource_group"" ""example"" {
    name=""Thompsonborough""
    location =""EastUS2""
}
"
provision me a rg with name East Joseborough in location EastUS,"
resource ""azurerm_resource_group"" ""example"" {
    name=""East Joseborough""
    location =""EastUS""
}
"
provision me a rg with name Jonathanview in location SouthCentralUS,"
resource ""azurerm_resource_group"" ""example"" {
    name=""Jonathanview""
    location =""SouthCentralUS""
}
"
provision me a rg with name Shawport in location EastUS,"
resource ""azurerm_resource_group"" ""example"" {
    name=""Shawport""
    location =""EastUS""
}
"
provision me a rg with name Lake Gregshire in location NorthCentralUS,"
resource ""azurerm_resource_group"" ""example"" {
    name=""Lake Gregshire""
    location =""NorthCentralUS""
}
"
provision me a rg with name Paulatown in location EastUS,"
resource ""azurerm_resource_group"" ""example"" {
    name=""Paulatown""
    location =""EastUS""
}
"
provision me a rg with name New Thomasmouth in location EastUS,"
resource ""azurerm_resource_group"" ""example"" {
    name=""New Thomasmouth""
    location =""EastUS""
}
"
provision me a rg with name Wilsontown in location EastUS2,"
resource ""azurerm_resource_group"" ""example"" {
    name=""Wilsontown""
    location =""EastUS2""
}
"
provision me a rg with name East Garyfort in location EastUS,"
resource ""azurerm_resource_group"" ""example"" {
    name=""East Garyfort""
    location =""EastUS""
}
"
provision me a rg with name Lake Suzanneborough in location EastUS,"
resource ""azurerm_resource_group"" ""example"" {
    name=""Lake Suzanneborough""
    location =""EastUS""
}
"
provision me a rg with name Lake Darintown in location WestUS,"
resource ""azurerm_resource_group"" ""example"" {
    name=""Lake Darintown""
    location =""WestUS""
}
"
provision me a rg with name Lake Linda in location EastUS2,"
resource ""azurerm_resource_group"" ""example"" {
    name=""Lake Linda""
    location =""EastUS2""
}
"
provision me a rg with name North Jeanneland in location NorthCentralUS,"
resource ""azurerm_resource_group"" ""example"" {
    name=""North Jeanneland""
    location =""NorthCentralUS""
}
"
provision me a rg with name North Moniquestad in location WestUS,"
resource ""azurerm_resource_group"" ""example"" {
    name=""North Moniquestad""
    location =""WestUS""
}
"
provision me a rg with name North Darius in location NorthCentralUS,"
resource ""azurerm_resource_group"" ""example"" {
    name=""North Darius""
    location =""NorthCentralUS""
}
"
provision me a rg with name Kevinton in location EastUS,"
resource ""azurerm_resource_group"" ""example"" {
    name=""Kevinton""
    location =""EastUS""
}
"
provision me a rg with name Huffmanchester in location WestUS,"
resource ""azurerm_resource_group"" ""example"" {
    name=""Huffmanchester""
    location =""WestUS""
}
"
provision me a rg with name Smithside in location EastUS2,"
resource ""azurerm_resource_group"" ""example"" {
    name=""Smithside""
    location =""EastUS2""
}
"
provision me a rg with name Williamhaven in location NorthCentralUS,"
resource ""azurerm_resource_group"" ""example"" {
    name=""Williamhaven""
    location =""NorthCentralUS""
}
"
provision me a rg with name West Joshuastad in location EastUS,"
resource ""azurerm_resource_group"" ""example"" {
    name=""West Joshuastad""
    location =""EastUS""
}
"
provision me a rg with name West Kathrynberg in location WestUS,"
resource ""azurerm_resource_group"" ""example"" {
    name=""West Kathrynberg""
    location =""WestUS""
}
"
provision me a rg with name Romeromouth in location EastUS2,"
resource ""azurerm_resource_group"" ""example"" {
    name=""Romeromouth""
    location =""EastUS2""
}
"
provision me a rg with name Davidmouth in location EastUS,"
resource ""azurerm_resource_group"" ""example"" {
    name=""Davidmouth""
    location =""EastUS""
}
"
provision me a rg with name Port Gary in location WestUS,"
resource ""azurerm_resource_group"" ""example"" {
    name=""Port Gary""
    location =""WestUS""
}
"
provision me a rg with name Lake William in location EastUS,"
resource ""azurerm_resource_group"" ""example"" {
    name=""Lake William""
    location =""EastUS""
}
"
provision me a rg with name Michelleborough in location EastUS,"
resource ""azurerm_resource_group"" ""example"" {
    name=""Michelleborough""
    location =""EastUS""
}
"
provision me a rg with name South Michaelport in location EastUS,"
resource ""azurerm_resource_group"" ""example"" {
    name=""South Michaelport""
    location =""EastUS""
}
"
provision me a rg with name Port Kevintown in location WestUS,"
resource ""azurerm_resource_group"" ""example"" {
    name=""Port Kevintown""
    location =""WestUS""
}
"
provision me a rg with name Bryantfort in location NorthCentralUS,"
resource ""azurerm_resource_group"" ""example"" {
    name=""Bryantfort""
    location =""NorthCentralUS""
}
"
provision me a rg with name Port Patricia in location SouthCentralUS,"
resource ""azurerm_resource_group"" ""example"" {
    name=""Port Patricia""
    location =""SouthCentralUS""
}
"
provision me a rg with name West Jefferytown in location EastUS2,"
resource ""azurerm_resource_group"" ""example"" {
    name=""West Jefferytown""
    location =""EastUS2""
}
"
provision me a rg with name North Gail in location SouthCentralUS,"
resource ""azurerm_resource_group"" ""example"" {
    name=""North Gail""
    location =""SouthCentralUS""
}
"
provision me a rg with name Port Robert in location EastUS2,"
resource ""azurerm_resource_group"" ""example"" {
    name=""Port Robert""
    location =""EastUS2""
}
"
provision me a rg with name Jocelynfurt in location SouthCentralUS,"
resource ""azurerm_resource_group"" ""example"" {
    name=""Jocelynfurt""
    location =""SouthCentralUS""
}
"
provision me a rg with name Kristystad in location SouthCentralUS,"
resource ""azurerm_resource_group"" ""example"" {
    name=""Kristystad""
    location =""SouthCentralUS""
}
"
provision me a rg with name Lopezchester in location EastUS2,"
resource ""azurerm_resource_group"" ""example"" {
    name=""Lopezchester""
    location =""EastUS2""
}
"
provision me a rg with name New Jamesberg in location EastUS,"
resource ""azurerm_resource_group"" ""example"" {
    name=""New Jamesberg""
    location =""EastUS""
}
"
provision me a rg with name Port Williamton in location EastUS,"
resource ""azurerm_resource_group"" ""example"" {
    name=""Port Williamton""
    location =""EastUS""
}
"
provision me a rg with name East Dawn in location SouthCentralUS,"
resource ""azurerm_resource_group"" ""example"" {
    name=""East Dawn""
    location =""SouthCentralUS""
}
"
provision me a rg with name West Paul in location EastUS,"
resource ""azurerm_resource_group"" ""example"" {
    name=""West Paul""
    location =""EastUS""
}
"
provision me a rg with name New Peter in location SouthCentralUS,"
resource ""azurerm_resource_group"" ""example"" {
    name=""New Peter""
    location =""SouthCentralUS""
}
"
provision me a rg with name Wheelerbury in location SouthCentralUS,"
resource ""azurerm_resource_group"" ""example"" {
    name=""Wheelerbury""
    location =""SouthCentralUS""
}
"
provision me a rg with name Anthonyside in location EastUS2,"
resource ""azurerm_resource_group"" ""example"" {
    name=""Anthonyside""
    location =""EastUS2""
}
"
provision me a rg with name Arielfurt in location WestUS,"
resource ""azurerm_resource_group"" ""example"" {
    name=""Arielfurt""
    location =""WestUS""
}
"
provision me a rg with name Port Tiffany in location EastUS2,"
resource ""azurerm_resource_group"" ""example"" {
    name=""Port Tiffany""
    location =""EastUS2""
}
"
provision me a rg with name North Adamville in location EastUS2,"
resource ""azurerm_resource_group"" ""example"" {
    name=""North Adamville""
    location =""EastUS2""
}
"
provision me a rg with name Morristown in location SouthCentralUS,"
resource ""azurerm_resource_group"" ""example"" {
    name=""Morristown""
    location =""SouthCentralUS""
}
"
provision me a rg with name Adamsbury in location EastUS2,"
resource ""azurerm_resource_group"" ""example"" {
    name=""Adamsbury""
    location =""EastUS2""
}
"
provision me a rg with name Timothytown in location EastUS2,"
resource ""azurerm_resource_group"" ""example"" {
    name=""Timothytown""
    location =""EastUS2""
}
"
provision me a rg with name Lake Anne in location EastUS2,"
resource ""azurerm_resource_group"" ""example"" {
    name=""Lake Anne""
    location =""EastUS2""
}
"
provision me a rg with name Laurahaven in location WestUS,"
resource ""azurerm_resource_group"" ""example"" {
    name=""Laurahaven""
    location =""WestUS""
}
"
provision me a rg with name Lake David in location EastUS,"
resource ""azurerm_resource_group"" ""example"" {
    name=""Lake David""
    location =""EastUS""
}
"
provision me a rg with name Lake Jeanneside in location WestUS,"
resource ""azurerm_resource_group"" ""example"" {
    name=""Lake Jeanneside""
    location =""WestUS""
}
"
provision me a rg with name Campbellfurt in location EastUS,"
resource ""azurerm_resource_group"" ""example"" {
    name=""Campbellfurt""
    location =""EastUS""
}
"
provision me a rg with name West Peter in location SouthCentralUS,"
resource ""azurerm_resource_group"" ""example"" {
    name=""West Peter""
    location =""SouthCentralUS""
}
"
provision me a rg with name Yvonnebury in location WestUS,"
resource ""azurerm_resource_group"" ""example"" {
    name=""Yvonnebury""
    location =""WestUS""
}
"
provision me a rg with name Shawnburgh in location EastUS,"
resource ""azurerm_resource_group"" ""example"" {
    name=""Shawnburgh""
    location =""EastUS""
}
"
provision me a rg with name Youngburgh in location WestUS,"
resource ""azurerm_resource_group"" ""example"" {
    name=""Youngburgh""
    location =""WestUS""
}
"
provision me a rg with name North Tony in location NorthCentralUS,"
resource ""azurerm_resource_group"" ""example"" {
    name=""North Tony""
    location =""NorthCentralUS""
}
"
provision me a rg with name Greenport in location WestUS,"
resource ""azurerm_resource_group"" ""example"" {
    name=""Greenport""
    location =""WestUS""
}
"
provision me a rg with name New Markborough in location EastUS2,"
resource ""azurerm_resource_group"" ""example"" {
    name=""New Markborough""
    location =""EastUS2""
}
"
provision me a rg with name New Helenhaven in location EastUS2,"
resource ""azurerm_resource_group"" ""example"" {
    name=""New Helenhaven""
    location =""EastUS2""
}
"
provision me a rg with name Santosstad in location EastUS,"
resource ""azurerm_resource_group"" ""example"" {
    name=""Santosstad""
    location =""EastUS""
}
"
provision me a rg with name Michaelmouth in location EastUS,"
resource ""azurerm_resource_group"" ""example"" {
    name=""Michaelmouth""
    location =""EastUS""
}
"
provision me a rg with name Christophertown in location EastUS,"
resource ""azurerm_resource_group"" ""example"" {
    name=""Christophertown""
    location =""EastUS""
}
"
provision me a rg with name Port Kristinebury in location EastUS2,"
resource ""azurerm_resource_group"" ""example"" {
    name=""Port Kristinebury""
    location =""EastUS2""
}
"
provision me a rg with name East Richardtown in location EastUS,"
resource ""azurerm_resource_group"" ""example"" {
    name=""East Richardtown""
    location =""EastUS""
}
"
provision me a rg with name Yvonneberg in location NorthCentralUS,"
resource ""azurerm_resource_group"" ""example"" {
    name=""Yvonneberg""
    location =""NorthCentralUS""
}
"
provision me a rg with name South Williamchester in location EastUS2,"
resource ""azurerm_resource_group"" ""example"" {
    name=""South Williamchester""
    location =""EastUS2""
}
"
provision me a rg with name Port Billytown in location SouthCentralUS,"
resource ""azurerm_resource_group"" ""example"" {
    name=""Port Billytown""
    location =""SouthCentralUS""
}
"
provision me a rg with name New James in location SouthCentralUS,"
resource ""azurerm_resource_group"" ""example"" {
    name=""New James""
    location =""SouthCentralUS""
}
"
provision me a rg with name Lake Lindafurt in location WestUS,"
resource ""azurerm_resource_group"" ""example"" {
    name=""Lake Lindafurt""
    location =""WestUS""
}
"
provision me a rg with name New Michellechester in location SouthCentralUS,"
resource ""azurerm_resource_group"" ""example"" {
    name=""New Michellechester""
    location =""SouthCentralUS""
}
"
provision me a rg with name North Williamstad in location EastUS,"
resource ""azurerm_resource_group"" ""example"" {
    name=""North Williamstad""
    location =""EastUS""
}
"
provision me a rg with name Catherineshire in location SouthCentralUS,"
resource ""azurerm_resource_group"" ""example"" {
    name=""Catherineshire""
    location =""SouthCentralUS""
}
"
provision me a rg with name Lake Amyburgh in location NorthCentralUS,"
resource ""azurerm_resource_group"" ""example"" {
    name=""Lake Amyburgh""
    location =""NorthCentralUS""
}
"
provision me a rg with name Cindyfurt in location EastUS,"
resource ""azurerm_resource_group"" ""example"" {
    name=""Cindyfurt""
    location =""EastUS""
}
"
provision me a rg with name Tammyfurt in location EastUS,"
resource ""azurerm_resource_group"" ""example"" {
    name=""Tammyfurt""
    location =""EastUS""
}
"
provision me a rg with name Jasminefort in location EastUS2,"
resource ""azurerm_resource_group"" ""example"" {
    name=""Jasminefort""
    location =""EastUS2""
}
"
provision me a rg with name Laurenville in location EastUS2,"
resource ""azurerm_resource_group"" ""example"" {
    name=""Laurenville""
    location =""EastUS2""
}
"
provision me a rg with name Kevinhaven in location EastUS,"
resource ""azurerm_resource_group"" ""example"" {
    name=""Kevinhaven""
    location =""EastUS""
}
"
provision me a rg with name New Maryport in location EastUS,"
resource ""azurerm_resource_group"" ""example"" {
    name=""New Maryport""
    location =""EastUS""
}
"
provision me a rg with name New Virginia in location NorthCentralUS,"
resource ""azurerm_resource_group"" ""example"" {
    name=""New Virginia""
    location =""NorthCentralUS""
}
"
provision me a rg with name North Matthew in location SouthCentralUS,"
resource ""azurerm_resource_group"" ""example"" {
    name=""North Matthew""
    location =""SouthCentralUS""
}
"
provision me a rg with name Walkerburgh in location NorthCentralUS,"
resource ""azurerm_resource_group"" ""example"" {
    name=""Walkerburgh""
    location =""NorthCentralUS""
}
"
provision me a rg with name Collinsburgh in location EastUS,"
resource ""azurerm_resource_group"" ""example"" {
    name=""Collinsburgh""
    location =""EastUS""
}
"
provision me a rg with name Richardsonburgh in location EastUS,"
resource ""azurerm_resource_group"" ""example"" {
    name=""Richardsonburgh""
    location =""EastUS""
}
"
provision me a rg with name South Jefffort in location SouthCentralUS,"
resource ""azurerm_resource_group"" ""example"" {
    name=""South Jefffort""
    location =""SouthCentralUS""
}
"
provision me a rg with name North Margaret in location EastUS,"
resource ""azurerm_resource_group"" ""example"" {
    name=""North Margaret""
    location =""EastUS""
}
"
provision me a rg with name South Toddchester in location WestUS,"
resource ""azurerm_resource_group"" ""example"" {
    name=""South Toddchester""
    location =""WestUS""
}
"
provision me a rg with name Michaelside in location EastUS2,"
resource ""azurerm_resource_group"" ""example"" {
    name=""Michaelside""
    location =""EastUS2""
}
"
provision me a rg with name East Thomas in location EastUS2,"
resource ""azurerm_resource_group"" ""example"" {
    name=""East Thomas""
    location =""EastUS2""
}
"
provision me a rg with name Greenville in location SouthCentralUS,"
resource ""azurerm_resource_group"" ""example"" {
    name=""Greenville""
    location =""SouthCentralUS""
}
"
provision me a rg with name Jonesland in location WestUS,"
resource ""azurerm_resource_group"" ""example"" {
    name=""Jonesland""
    location =""WestUS""
}
"
provision me a rg with name New Joelchester in location WestUS,"
resource ""azurerm_resource_group"" ""example"" {
    name=""New Joelchester""
    location =""WestUS""
}
"
provision me a rg with name East Emily in location EastUS2,"
resource ""azurerm_resource_group"" ""example"" {
    name=""East Emily""
    location =""EastUS2""
}
"
provision me a rg with name East Kathryn in location EastUS,"
resource ""azurerm_resource_group"" ""example"" {
    name=""East Kathryn""
    location =""EastUS""
}
"
provision me a rg with name Lake Michelleview in location EastUS2,"
resource ""azurerm_resource_group"" ""example"" {
    name=""Lake Michelleview""
    location =""EastUS2""
}
"
provision me a rg with name Brendaville in location WestUS,"
resource ""azurerm_resource_group"" ""example"" {
    name=""Brendaville""
    location =""WestUS""
}
"
provision me a rg with name Port Theresa in location EastUS,"
resource ""azurerm_resource_group"" ""example"" {
    name=""Port Theresa""
    location =""EastUS""
}
"
provision me a rg with name South Brittany in location EastUS,"
resource ""azurerm_resource_group"" ""example"" {
    name=""South Brittany""
    location =""EastUS""
}
"
provision me a rg with name Michaeltown in location SouthCentralUS,"
resource ""azurerm_resource_group"" ""example"" {
    name=""Michaeltown""
    location =""SouthCentralUS""
}
"
provision me a rg with name Andrewville in location SouthCentralUS,"
resource ""azurerm_resource_group"" ""example"" {
    name=""Andrewville""
    location =""SouthCentralUS""
}
"
provision me a rg with name South Melissa in location SouthCentralUS,"
resource ""azurerm_resource_group"" ""example"" {
    name=""South Melissa""
    location =""SouthCentralUS""
}
"
provision me a rg with name East Michael in location EastUS2,"
resource ""azurerm_resource_group"" ""example"" {
    name=""East Michael""
    location =""EastUS2""
}
"
provision me a rg with name West Johnny in location NorthCentralUS,"
resource ""azurerm_resource_group"" ""example"" {
    name=""West Johnny""
    location =""NorthCentralUS""
}
"
provision me a rg with name West Martha in location SouthCentralUS,"
resource ""azurerm_resource_group"" ""example"" {
    name=""West Martha""
    location =""SouthCentralUS""
}
"
provision me a rg with name Marktown in location SouthCentralUS,"
resource ""azurerm_resource_group"" ""example"" {
    name=""Marktown""
    location =""SouthCentralUS""
}
"
provision me a rg with name Deckerborough in location EastUS,"
resource ""azurerm_resource_group"" ""example"" {
    name=""Deckerborough""
    location =""EastUS""
}
"
provision me a rg with name Thomasberg in location EastUS,"
resource ""azurerm_resource_group"" ""example"" {
    name=""Thomasberg""
    location =""EastUS""
}
"
provision me a rg with name Josefurt in location WestUS,"
resource ""azurerm_resource_group"" ""example"" {
    name=""Josefurt""
    location =""WestUS""
}
"
provision me a rg with name Johnsonview in location NorthCentralUS,"
resource ""azurerm_resource_group"" ""example"" {
    name=""Johnsonview""
    location =""NorthCentralUS""
}
"
provision me a rg with name Debraland in location EastUS2,"
resource ""azurerm_resource_group"" ""example"" {
    name=""Debraland""
    location =""EastUS2""
}
"
provision me a rg with name West Cameron in location WestUS,"
resource ""azurerm_resource_group"" ""example"" {
    name=""West Cameron""
    location =""WestUS""
}
"
provision me a rg with name Danielfurt in location EastUS2,"
resource ""azurerm_resource_group"" ""example"" {
    name=""Danielfurt""
    location =""EastUS2""
}
"
provision me a rg with name Dunlaphaven in location WestUS,"
resource ""azurerm_resource_group"" ""example"" {
    name=""Dunlaphaven""
    location =""WestUS""
}
"
provision me a rg with name Salazarton in location WestUS,"
resource ""azurerm_resource_group"" ""example"" {
    name=""Salazarton""
    location =""WestUS""
}
"
provision me a rg with name Lake David in location NorthCentralUS,"
resource ""azurerm_resource_group"" ""example"" {
    name=""Lake David""
    location =""NorthCentralUS""
}
"
provision me a rg with name Lake Paul in location NorthCentralUS,"
resource ""azurerm_resource_group"" ""example"" {
    name=""Lake Paul""
    location =""NorthCentralUS""
}
"
provision me a rg with name Lorifurt in location WestUS,"
resource ""azurerm_resource_group"" ""example"" {
    name=""Lorifurt""
    location =""WestUS""
}
"
provision me a rg with name Lake Matthew in location SouthCentralUS,"
resource ""azurerm_resource_group"" ""example"" {
    name=""Lake Matthew""
    location =""SouthCentralUS""
}
"
provision me a rg with name Banksview in location EastUS2,"
resource ""azurerm_resource_group"" ""example"" {
    name=""Banksview""
    location =""EastUS2""
}
"
provision me a rg with name Laurenburgh in location WestUS,"
resource ""azurerm_resource_group"" ""example"" {
    name=""Laurenburgh""
    location =""WestUS""
}
"
provision me a rg with name East Nathan in location SouthCentralUS,"
resource ""azurerm_resource_group"" ""example"" {
    name=""East Nathan""
    location =""SouthCentralUS""
}
"
provision me a rg with name Katelynburgh in location SouthCentralUS,"
resource ""azurerm_resource_group"" ""example"" {
    name=""Katelynburgh""
    location =""SouthCentralUS""
}
"
provision me a rg with name Johnport in location SouthCentralUS,"
resource ""azurerm_resource_group"" ""example"" {
    name=""Johnport""
    location =""SouthCentralUS""
}
"
provision me a rg with name Port Sabrina in location EastUS,"
resource ""azurerm_resource_group"" ""example"" {
    name=""Port Sabrina""
    location =""EastUS""
}
"
provision me a rg with name Williamschester in location NorthCentralUS,"
resource ""azurerm_resource_group"" ""example"" {
    name=""Williamschester""
    location =""NorthCentralUS""
}
"
provision me a rg with name Woodborough in location NorthCentralUS,"
resource ""azurerm_resource_group"" ""example"" {
    name=""Woodborough""
    location =""NorthCentralUS""
}
"
provision me a rg with name West Johnburgh in location SouthCentralUS,"
resource ""azurerm_resource_group"" ""example"" {
    name=""West Johnburgh""
    location =""SouthCentralUS""
}
"
provision me a rg with name Allisonbury in location SouthCentralUS,"
resource ""azurerm_resource_group"" ""example"" {
    name=""Allisonbury""
    location =""SouthCentralUS""
}
"
provision me a rg with name Port Briantown in location EastUS,"
resource ""azurerm_resource_group"" ""example"" {
    name=""Port Briantown""
    location =""EastUS""
}
"
provision me a rg with name Mariafort in location WestUS,"
resource ""azurerm_resource_group"" ""example"" {
    name=""Mariafort""
    location =""WestUS""
}
"
provision me a rg with name New Jessica in location EastUS2,"
resource ""azurerm_resource_group"" ""example"" {
    name=""New Jessica""
    location =""EastUS2""
}
"
provision me a rg with name West Donald in location NorthCentralUS,"
resource ""azurerm_resource_group"" ""example"" {
    name=""West Donald""
    location =""NorthCentralUS""
}
"
provision me a rg with name Howellberg in location EastUS2,"
resource ""azurerm_resource_group"" ""example"" {
    name=""Howellberg""
    location =""EastUS2""
}
"
provision me a rg with name Thomashaven in location NorthCentralUS,"
resource ""azurerm_resource_group"" ""example"" {
    name=""Thomashaven""
    location =""NorthCentralUS""
}
"
provision me a rg with name Lyonsland in location NorthCentralUS,"
resource ""azurerm_resource_group"" ""example"" {
    name=""Lyonsland""
    location =""NorthCentralUS""
}
"
provision me a rg with name Lovetown in location WestUS,"
resource ""azurerm_resource_group"" ""example"" {
    name=""Lovetown""
    location =""WestUS""
}
"
provision me a rg with name East Manuel in location EastUS2,"
resource ""azurerm_resource_group"" ""example"" {
    name=""East Manuel""
    location =""EastUS2""
}
"
provision me a rg with name Scottshire in location SouthCentralUS,"
resource ""azurerm_resource_group"" ""example"" {
    name=""Scottshire""
    location =""SouthCentralUS""
}
"
provision me a rg with name Patricialand in location SouthCentralUS,"
resource ""azurerm_resource_group"" ""example"" {
    name=""Patricialand""
    location =""SouthCentralUS""
}
"
provision me a rg with name North Marcusport in location WestUS,"
resource ""azurerm_resource_group"" ""example"" {
    name=""North Marcusport""
    location =""WestUS""
}
"
provision me a rg with name West Catherineport in location EastUS2,"
resource ""azurerm_resource_group"" ""example"" {
    name=""West Catherineport""
    location =""EastUS2""
}
"
provision me a rg with name Harryville in location EastUS,"
resource ""azurerm_resource_group"" ""example"" {
    name=""Harryville""
    location =""EastUS""
}
"
provision me a rg with name Beckerstad in location WestUS,"
resource ""azurerm_resource_group"" ""example"" {
    name=""Beckerstad""
    location =""WestUS""
}
"
provision me a rg with name Brittanyport in location SouthCentralUS,"
resource ""azurerm_resource_group"" ""example"" {
    name=""Brittanyport""
    location =""SouthCentralUS""
}
"
provision me a rg with name Bakertown in location NorthCentralUS,"
resource ""azurerm_resource_group"" ""example"" {
    name=""Bakertown""
    location =""NorthCentralUS""
}
"
provision me a rg with name Cobbmouth in location SouthCentralUS,"
resource ""azurerm_resource_group"" ""example"" {
    name=""Cobbmouth""
    location =""SouthCentralUS""
}
"
provision me a rg with name South Dana in location NorthCentralUS,"
resource ""azurerm_resource_group"" ""example"" {
    name=""South Dana""
    location =""NorthCentralUS""
}
"
provision me a rg with name West Jill in location SouthCentralUS,"
resource ""azurerm_resource_group"" ""example"" {
    name=""West Jill""
    location =""SouthCentralUS""
}
"
provision me a rg with name Donaldmouth in location WestUS,"
resource ""azurerm_resource_group"" ""example"" {
    name=""Donaldmouth""
    location =""WestUS""
}
"
provision me a rg with name Port Suzanneland in location WestUS,"
resource ""azurerm_resource_group"" ""example"" {
    name=""Port Suzanneland""
    location =""WestUS""
}
"
provision me a rg with name Edwardshaven in location NorthCentralUS,"
resource ""azurerm_resource_group"" ""example"" {
    name=""Edwardshaven""
    location =""NorthCentralUS""
}
"
provision me a rg with name Patriciaton in location EastUS,"
resource ""azurerm_resource_group"" ""example"" {
    name=""Patriciaton""
    location =""EastUS""
}
"
provision me a rg with name Hallstad in location EastUS2,"
resource ""azurerm_resource_group"" ""example"" {
    name=""Hallstad""
    location =""EastUS2""
}
"
provision me a rg with name Jenniferfort in location SouthCentralUS,"
resource ""azurerm_resource_group"" ""example"" {
    name=""Jenniferfort""
    location =""SouthCentralUS""
}
"
provision me a rg with name Reynoldston in location EastUS,"
resource ""azurerm_resource_group"" ""example"" {
    name=""Reynoldston""
    location =""EastUS""
}
"
provision me a rg with name Washingtonbury in location EastUS2,"
resource ""azurerm_resource_group"" ""example"" {
    name=""Washingtonbury""
    location =""EastUS2""
}
"
provision me a rg with name Amandaberg in location EastUS2,"
resource ""azurerm_resource_group"" ""example"" {
    name=""Amandaberg""
    location =""EastUS2""
}
"
provision me a rg with name Mirandaport in location NorthCentralUS,"
resource ""azurerm_resource_group"" ""example"" {
    name=""Mirandaport""
    location =""NorthCentralUS""
}
"
provision me a rg with name Glendabury in location SouthCentralUS,"
resource ""azurerm_resource_group"" ""example"" {
    name=""Glendabury""
    location =""SouthCentralUS""
}
"
provision me a rg with name Jamesstad in location NorthCentralUS,"
resource ""azurerm_resource_group"" ""example"" {
    name=""Jamesstad""
    location =""NorthCentralUS""
}
"
provision me a rg with name Villegasland in location EastUS2,"
resource ""azurerm_resource_group"" ""example"" {
    name=""Villegasland""
    location =""EastUS2""
}
"
provision me a rg with name Port Sabrina in location SouthCentralUS,"
resource ""azurerm_resource_group"" ""example"" {
    name=""Port Sabrina""
    location =""SouthCentralUS""
}
"
provision me a rg with name West Jason in location SouthCentralUS,"
resource ""azurerm_resource_group"" ""example"" {
    name=""West Jason""
    location =""SouthCentralUS""
}
"
provision me a rg with name South Loganton in location EastUS,"
resource ""azurerm_resource_group"" ""example"" {
    name=""South Loganton""
    location =""EastUS""
}
"
provision me a rg with name Harmonhaven in location NorthCentralUS,"
resource ""azurerm_resource_group"" ""example"" {
    name=""Harmonhaven""
    location =""NorthCentralUS""
}
"
provision me a rg with name New Josephland in location EastUS,"
resource ""azurerm_resource_group"" ""example"" {
    name=""New Josephland""
    location =""EastUS""
}
"
provision me a rg with name Holmeston in location SouthCentralUS,"
resource ""azurerm_resource_group"" ""example"" {
    name=""Holmeston""
    location =""SouthCentralUS""
}
"
provision me a rg with name West Darrellmouth in location EastUS,"
resource ""azurerm_resource_group"" ""example"" {
    name=""West Darrellmouth""
    location =""EastUS""
}
"
provision me a rg with name Colestad in location NorthCentralUS,"
resource ""azurerm_resource_group"" ""example"" {
    name=""Colestad""
    location =""NorthCentralUS""
}
"
provision me a rg with name Sharpmouth in location SouthCentralUS,"
resource ""azurerm_resource_group"" ""example"" {
    name=""Sharpmouth""
    location =""SouthCentralUS""
}
"
provision me a rg with name East Michaeltown in location SouthCentralUS,"
resource ""azurerm_resource_group"" ""example"" {
    name=""East Michaeltown""
    location =""SouthCentralUS""
}
"
provision me a rg with name West Alisonchester in location EastUS2,"
resource ""azurerm_resource_group"" ""example"" {
    name=""West Alisonchester""
    location =""EastUS2""
}
"
provision me a rg with name Boyerton in location SouthCentralUS,"
resource ""azurerm_resource_group"" ""example"" {
    name=""Boyerton""
    location =""SouthCentralUS""
}
"
provision me a rg with name West Timothyland in location WestUS,"
resource ""azurerm_resource_group"" ""example"" {
    name=""West Timothyland""
    location =""WestUS""
}
"
provision me a rg with name Jonathanfurt in location WestUS,"
resource ""azurerm_resource_group"" ""example"" {
    name=""Jonathanfurt""
    location =""WestUS""
}
"
provision me a rg with name Ayalastad in location WestUS,"
resource ""azurerm_resource_group"" ""example"" {
    name=""Ayalastad""
    location =""WestUS""
}
"
provision me a rg with name South Joseph in location SouthCentralUS,"
resource ""azurerm_resource_group"" ""example"" {
    name=""South Joseph""
    location =""SouthCentralUS""
}
"
provision me a rg with name Matthewmouth in location WestUS,"
resource ""azurerm_resource_group"" ""example"" {
    name=""Matthewmouth""
    location =""WestUS""
}
"
provision me a rg with name North James in location NorthCentralUS,"
resource ""azurerm_resource_group"" ""example"" {
    name=""North James""
    location =""NorthCentralUS""
}
"
provision me a rg with name Craigside in location EastUS2,"
resource ""azurerm_resource_group"" ""example"" {
    name=""Craigside""
    location =""EastUS2""
}
"
provision me a rg with name Frazierville in location SouthCentralUS,"
resource ""azurerm_resource_group"" ""example"" {
    name=""Frazierville""
    location =""SouthCentralUS""
}
"
provision me a rg with name Jeffreymouth in location NorthCentralUS,"
resource ""azurerm_resource_group"" ""example"" {
    name=""Jeffreymouth""
    location =""NorthCentralUS""
}
"
provision me a rg with name West Nathan in location NorthCentralUS,"
resource ""azurerm_resource_group"" ""example"" {
    name=""West Nathan""
    location =""NorthCentralUS""
}
"
provision me a rg with name West Brandon in location NorthCentralUS,"
resource ""azurerm_resource_group"" ""example"" {
    name=""West Brandon""
    location =""NorthCentralUS""
}
"
provision me a rg with name Lake Michele in location EastUS,"
resource ""azurerm_resource_group"" ""example"" {
    name=""Lake Michele""
    location =""EastUS""
}
"
provision me a rg with name Lake Josephton in location EastUS,"
resource ""azurerm_resource_group"" ""example"" {
    name=""Lake Josephton""
    location =""EastUS""
}
"
provision me a rg with name Kimberlytown in location NorthCentralUS,"
resource ""azurerm_resource_group"" ""example"" {
    name=""Kimberlytown""
    location =""NorthCentralUS""
}
"
provision me a rg with name Harrisborough in location EastUS,"
resource ""azurerm_resource_group"" ""example"" {
    name=""Harrisborough""
    location =""EastUS""
}
"
provision me a rg with name Lake Albertshire in location SouthCentralUS,"
resource ""azurerm_resource_group"" ""example"" {
    name=""Lake Albertshire""
    location =""SouthCentralUS""
}
"
provision me a rg with name South Gregory in location EastUS2,"
resource ""azurerm_resource_group"" ""example"" {
    name=""South Gregory""
    location =""EastUS2""
}
"
provision me a rg with name Lake Thomas in location SouthCentralUS,"
resource ""azurerm_resource_group"" ""example"" {
    name=""Lake Thomas""
    location =""SouthCentralUS""
}
"
provision me a rg with name Williamsfurt in location NorthCentralUS,"
resource ""azurerm_resource_group"" ""example"" {
    name=""Williamsfurt""
    location =""NorthCentralUS""
}
"
provision me a rg with name Lake Mackenzie in location NorthCentralUS,"
resource ""azurerm_resource_group"" ""example"" {
    name=""Lake Mackenzie""
    location =""NorthCentralUS""
}
"
provision me a rg with name Anthonytown in location NorthCentralUS,"
resource ""azurerm_resource_group"" ""example"" {
    name=""Anthonytown""
    location =""NorthCentralUS""
}
"
provision me a rg with name Lake Davidstad in location WestUS,"
resource ""azurerm_resource_group"" ""example"" {
    name=""Lake Davidstad""
    location =""WestUS""
}
"
provision me a rg with name Starkchester in location SouthCentralUS,"
resource ""azurerm_resource_group"" ""example"" {
    name=""Starkchester""
    location =""SouthCentralUS""
}
"
provision me a rg with name Warrenmouth in location EastUS,"
resource ""azurerm_resource_group"" ""example"" {
    name=""Warrenmouth""
    location =""EastUS""
}
"
provision me a rg with name Maryshire in location EastUS2,"
resource ""azurerm_resource_group"" ""example"" {
    name=""Maryshire""
    location =""EastUS2""
}
"
provision me a rg with name Torresland in location EastUS,"
resource ""azurerm_resource_group"" ""example"" {
    name=""Torresland""
    location =""EastUS""
}
"
provision me a rg with name New Savannah in location WestUS,"
resource ""azurerm_resource_group"" ""example"" {
    name=""New Savannah""
    location =""WestUS""
}
"
provision me a rg with name Daughertyfort in location SouthCentralUS,"
resource ""azurerm_resource_group"" ""example"" {
    name=""Daughertyfort""
    location =""SouthCentralUS""
}
"
provision me a rg with name Ashleyberg in location SouthCentralUS,"
resource ""azurerm_resource_group"" ""example"" {
    name=""Ashleyberg""
    location =""SouthCentralUS""
}
"
provision me a rg with name Lambhaven in location NorthCentralUS,"
resource ""azurerm_resource_group"" ""example"" {
    name=""Lambhaven""
    location =""NorthCentralUS""
}
"
provision me a rg with name Kathrynmouth in location WestUS,"
resource ""azurerm_resource_group"" ""example"" {
    name=""Kathrynmouth""
    location =""WestUS""
}
"
provision me a rg with name Pollardport in location EastUS2,"
resource ""azurerm_resource_group"" ""example"" {
    name=""Pollardport""
    location =""EastUS2""
}
"
provision me a rg with name East Matthewtown in location NorthCentralUS,"
resource ""azurerm_resource_group"" ""example"" {
    name=""East Matthewtown""
    location =""NorthCentralUS""
}
"
provision me a rg with name Yateston in location EastUS2,"
resource ""azurerm_resource_group"" ""example"" {
    name=""Yateston""
    location =""EastUS2""
}
"
provision me a rg with name Port Michaelchester in location EastUS,"
resource ""azurerm_resource_group"" ""example"" {
    name=""Port Michaelchester""
    location =""EastUS""
}
"
provision me a rg with name Lake Tannerfort in location SouthCentralUS,"
resource ""azurerm_resource_group"" ""example"" {
    name=""Lake Tannerfort""
    location =""SouthCentralUS""
}
"
provision me a rg with name North Amberview in location EastUS2,"
resource ""azurerm_resource_group"" ""example"" {
    name=""North Amberview""
    location =""EastUS2""
}
"
provision me a rg with name Petersontown in location WestUS,"
resource ""azurerm_resource_group"" ""example"" {
    name=""Petersontown""
    location =""WestUS""
}
"
provision me a rg with name West Cynthiaport in location SouthCentralUS,"
resource ""azurerm_resource_group"" ""example"" {
    name=""West Cynthiaport""
    location =""SouthCentralUS""
}
"
provision me a rg with name West Davidberg in location EastUS2,"
resource ""azurerm_resource_group"" ""example"" {
    name=""West Davidberg""
    location =""EastUS2""
}
"
provision me a rg with name Hensleyville in location SouthCentralUS,"
resource ""azurerm_resource_group"" ""example"" {
    name=""Hensleyville""
    location =""SouthCentralUS""
}
"
provision me a rg with name East Jeffreytown in location WestUS,"
resource ""azurerm_resource_group"" ""example"" {
    name=""East Jeffreytown""
    location =""WestUS""
}
"
provision me a rg with name Brianshire in location SouthCentralUS,"
resource ""azurerm_resource_group"" ""example"" {
    name=""Brianshire""
    location =""SouthCentralUS""
}
"
provision me a rg with name Sextonstad in location EastUS2,"
resource ""azurerm_resource_group"" ""example"" {
    name=""Sextonstad""
    location =""EastUS2""
}
"
provision me a rg with name Westton in location SouthCentralUS,"
resource ""azurerm_resource_group"" ""example"" {
    name=""Westton""
    location =""SouthCentralUS""
}
"
provision me a rg with name Wilsonbury in location SouthCentralUS,"
resource ""azurerm_resource_group"" ""example"" {
    name=""Wilsonbury""
    location =""SouthCentralUS""
}
"
provision me a rg with name Yoderberg in location NorthCentralUS,"
resource ""azurerm_resource_group"" ""example"" {
    name=""Yoderberg""
    location =""NorthCentralUS""
}
"
provision me a rg with name Pinedamouth in location WestUS,"
resource ""azurerm_resource_group"" ""example"" {
    name=""Pinedamouth""
    location =""WestUS""
}
"
provision me a rg with name Louisport in location WestUS,"
resource ""azurerm_resource_group"" ""example"" {
    name=""Louisport""
    location =""WestUS""
}
"
provision me a rg with name North Jacqueline in location WestUS,"
resource ""azurerm_resource_group"" ""example"" {
    name=""North Jacqueline""
    location =""WestUS""
}
"
provision me a rg with name Port Jillian in location EastUS2,"
resource ""azurerm_resource_group"" ""example"" {
    name=""Port Jillian""
    location =""EastUS2""
}
"
provision me a rg with name Smithhaven in location NorthCentralUS,"
resource ""azurerm_resource_group"" ""example"" {
    name=""Smithhaven""
    location =""NorthCentralUS""
}
"
provision me a rg with name Annview in location EastUS,"
resource ""azurerm_resource_group"" ""example"" {
    name=""Annview""
    location =""EastUS""
}
"
provision me a rg with name South Matthew in location SouthCentralUS,"
resource ""azurerm_resource_group"" ""example"" {
    name=""South Matthew""
    location =""SouthCentralUS""
}
"
provision me a rg with name North Bethanymouth in location EastUS,"
resource ""azurerm_resource_group"" ""example"" {
    name=""North Bethanymouth""
    location =""EastUS""
}
"
provision me a rg with name Lake Maria in location SouthCentralUS,"
resource ""azurerm_resource_group"" ""example"" {
    name=""Lake Maria""
    location =""SouthCentralUS""
}
"
provision me a rg with name South Victoria in location EastUS2,"
resource ""azurerm_resource_group"" ""example"" {
    name=""South Victoria""
    location =""EastUS2""
}
"
provision me a rg with name Lake Emily in location EastUS2,"
resource ""azurerm_resource_group"" ""example"" {
    name=""Lake Emily""
    location =""EastUS2""
}
"
provision me a rg with name New Michelleshire in location EastUS2,"
resource ""azurerm_resource_group"" ""example"" {
    name=""New Michelleshire""
    location =""EastUS2""
}
"
provision me a rg with name Butlertown in location EastUS,"
resource ""azurerm_resource_group"" ""example"" {
    name=""Butlertown""
    location =""EastUS""
}
"
provision me a rg with name New Leonard in location EastUS2,"
resource ""azurerm_resource_group"" ""example"" {
    name=""New Leonard""
    location =""EastUS2""
}
"
provision me a rg with name Markview in location EastUS2,"
resource ""azurerm_resource_group"" ""example"" {
    name=""Markview""
    location =""EastUS2""
}
"
provision me a rg with name Penabury in location SouthCentralUS,"
resource ""azurerm_resource_group"" ""example"" {
    name=""Penabury""
    location =""SouthCentralUS""
}
"
provision me a rg with name Hartmouth in location SouthCentralUS,"
resource ""azurerm_resource_group"" ""example"" {
    name=""Hartmouth""
    location =""SouthCentralUS""
}
"
provision me a rg with name South Daniellemouth in location EastUS,"
resource ""azurerm_resource_group"" ""example"" {
    name=""South Daniellemouth""
    location =""EastUS""
}
"
provision me a rg with name North Yvonne in location SouthCentralUS,"
resource ""azurerm_resource_group"" ""example"" {
    name=""North Yvonne""
    location =""SouthCentralUS""
}
"
provision me a rg with name South Michael in location WestUS,"
resource ""azurerm_resource_group"" ""example"" {
    name=""South Michael""
    location =""WestUS""
}
"
provision me a rg with name Zacharyville in location NorthCentralUS,"
resource ""azurerm_resource_group"" ""example"" {
    name=""Zacharyville""
    location =""NorthCentralUS""
}
"
provision me a rg with name West Jenniferbury in location EastUS,"
resource ""azurerm_resource_group"" ""example"" {
    name=""West Jenniferbury""
    location =""EastUS""
}
"
provision me a rg with name South Christine in location NorthCentralUS,"
resource ""azurerm_resource_group"" ""example"" {
    name=""South Christine""
    location =""NorthCentralUS""
}
"
provision me a rg with name Baileyport in location EastUS,"
resource ""azurerm_resource_group"" ""example"" {
    name=""Baileyport""
    location =""EastUS""
}
"
provision me a rg with name South Robertfurt in location EastUS2,"
resource ""azurerm_resource_group"" ""example"" {
    name=""South Robertfurt""
    location =""EastUS2""
}
"
provision me a rg with name New Kimberlytown in location EastUS,"
resource ""azurerm_resource_group"" ""example"" {
    name=""New Kimberlytown""
    location =""EastUS""
}
"
provision me a rg with name New Michael in location EastUS2,"
resource ""azurerm_resource_group"" ""example"" {
    name=""New Michael""
    location =""EastUS2""
}
"
provision me a rg with name Richardmouth in location SouthCentralUS,"
resource ""azurerm_resource_group"" ""example"" {
    name=""Richardmouth""
    location =""SouthCentralUS""
}
"
provision me a rg with name Mariaside in location EastUS2,"
resource ""azurerm_resource_group"" ""example"" {
    name=""Mariaside""
    location =""EastUS2""
}
"
provision me a rg with name North Alexander in location SouthCentralUS,"
resource ""azurerm_resource_group"" ""example"" {
    name=""North Alexander""
    location =""SouthCentralUS""
}
"
provision me a rg with name Mooreburgh in location EastUS2,"
resource ""azurerm_resource_group"" ""example"" {
    name=""Mooreburgh""
    location =""EastUS2""
}
"
provision me a rg with name Jasminechester in location EastUS2,"
resource ""azurerm_resource_group"" ""example"" {
    name=""Jasminechester""
    location =""EastUS2""
}
"
provision me a rg with name New Erinton in location SouthCentralUS,"
resource ""azurerm_resource_group"" ""example"" {
    name=""New Erinton""
    location =""SouthCentralUS""
}
"
provision me a rg with name Zacharyland in location EastUS,"
resource ""azurerm_resource_group"" ""example"" {
    name=""Zacharyland""
    location =""EastUS""
}
"
provision me a rg with name Lake Lance in location SouthCentralUS,"
resource ""azurerm_resource_group"" ""example"" {
    name=""Lake Lance""
    location =""SouthCentralUS""
}
"
provision me a rg with name Christophermouth in location SouthCentralUS,"
resource ""azurerm_resource_group"" ""example"" {
    name=""Christophermouth""
    location =""SouthCentralUS""
}
"
provision me a rg with name Nolanborough in location EastUS,"
resource ""azurerm_resource_group"" ""example"" {
    name=""Nolanborough""
    location =""EastUS""
}
"
provision me a rg with name Brooksfurt in location SouthCentralUS,"
resource ""azurerm_resource_group"" ""example"" {
    name=""Brooksfurt""
    location =""SouthCentralUS""
}
"
provision me a rg with name Port Stefanie in location EastUS,"
resource ""azurerm_resource_group"" ""example"" {
    name=""Port Stefanie""
    location =""EastUS""
}
"
provision me a rg with name Cynthiaton in location EastUS2,"
resource ""azurerm_resource_group"" ""example"" {
    name=""Cynthiaton""
    location =""EastUS2""
}
"
provision me a rg with name New Nicholas in location NorthCentralUS,"
resource ""azurerm_resource_group"" ""example"" {
    name=""New Nicholas""
    location =""NorthCentralUS""
}
"
provision me a rg with name Davistown in location EastUS2,"
resource ""azurerm_resource_group"" ""example"" {
    name=""Davistown""
    location =""EastUS2""
}
"
provision me a rg with name South Gary in location SouthCentralUS,"
resource ""azurerm_resource_group"" ""example"" {
    name=""South Gary""
    location =""SouthCentralUS""
}
"
provision me a rg with name Davidtown in location NorthCentralUS,"
resource ""azurerm_resource_group"" ""example"" {
    name=""Davidtown""
    location =""NorthCentralUS""
}
"
provision me a rg with name Angelastad in location EastUS2,"
resource ""azurerm_resource_group"" ""example"" {
    name=""Angelastad""
    location =""EastUS2""
}
"
provision me a rg with name Blacktown in location EastUS2,"
resource ""azurerm_resource_group"" ""example"" {
    name=""Blacktown""
    location =""EastUS2""
}
"
provision me a rg with name East James in location WestUS,"
resource ""azurerm_resource_group"" ""example"" {
    name=""East James""
    location =""WestUS""
}
"
provision me a rg with name North Donald in location SouthCentralUS,"
resource ""azurerm_resource_group"" ""example"" {
    name=""North Donald""
    location =""SouthCentralUS""
}
"
provision me a rg with name Warrenton in location EastUS2,"
resource ""azurerm_resource_group"" ""example"" {
    name=""Warrenton""
    location =""EastUS2""
}
"
provision me a rg with name Hallland in location SouthCentralUS,"
resource ""azurerm_resource_group"" ""example"" {
    name=""Hallland""
    location =""SouthCentralUS""
}
"
provision me a rg with name Maryport in location EastUS2,"
resource ""azurerm_resource_group"" ""example"" {
    name=""Maryport""
    location =""EastUS2""
}
"
provision me a rg with name Josephville in location SouthCentralUS,"
resource ""azurerm_resource_group"" ""example"" {
    name=""Josephville""
    location =""SouthCentralUS""
}
"
provision me a rg with name Lake Aaronburgh in location SouthCentralUS,"
resource ""azurerm_resource_group"" ""example"" {
    name=""Lake Aaronburgh""
    location =""SouthCentralUS""
}
"
provision me a rg with name East Jorge in location SouthCentralUS,"
resource ""azurerm_resource_group"" ""example"" {
    name=""East Jorge""
    location =""SouthCentralUS""
}
"
provision me a rg with name East Dakotaview in location EastUS,"
resource ""azurerm_resource_group"" ""example"" {
    name=""East Dakotaview""
    location =""EastUS""
}
"
provision me a rg with name New Nataliemouth in location NorthCentralUS,"
resource ""azurerm_resource_group"" ""example"" {
    name=""New Nataliemouth""
    location =""NorthCentralUS""
}
"
provision me a rg with name Sherrimouth in location WestUS,"
resource ""azurerm_resource_group"" ""example"" {
    name=""Sherrimouth""
    location =""WestUS""
}
"
provision me a rg with name North Scott in location WestUS,"
resource ""azurerm_resource_group"" ""example"" {
    name=""North Scott""
    location =""WestUS""
}
"
provision me a rg with name Ashleytown in location EastUS2,"
resource ""azurerm_resource_group"" ""example"" {
    name=""Ashleytown""
    location =""EastUS2""
}
"
provision me a rg with name Lanemouth in location SouthCentralUS,"
resource ""azurerm_resource_group"" ""example"" {
    name=""Lanemouth""
    location =""SouthCentralUS""
}
"
provision me a rg with name Donaldmouth in location EastUS2,"
resource ""azurerm_resource_group"" ""example"" {
    name=""Donaldmouth""
    location =""EastUS2""
}
"
provision me a rg with name East Kenneth in location NorthCentralUS,"
resource ""azurerm_resource_group"" ""example"" {
    name=""East Kenneth""
    location =""NorthCentralUS""
}
"
provision me a rg with name Spencehaven in location NorthCentralUS,"
resource ""azurerm_resource_group"" ""example"" {
    name=""Spencehaven""
    location =""NorthCentralUS""
}
"
provision me a rg with name Darrellstad in location EastUS2,"
resource ""azurerm_resource_group"" ""example"" {
    name=""Darrellstad""
    location =""EastUS2""
}
"
provision me a rg with name Carterstad in location SouthCentralUS,"
resource ""azurerm_resource_group"" ""example"" {
    name=""Carterstad""
    location =""SouthCentralUS""
}
"
provision me a rg with name Michaelmouth in location SouthCentralUS,"
resource ""azurerm_resource_group"" ""example"" {
    name=""Michaelmouth""
    location =""SouthCentralUS""
}
"
provision me a rg with name Port Carolineside in location EastUS2,"
resource ""azurerm_resource_group"" ""example"" {
    name=""Port Carolineside""
    location =""EastUS2""
}
"
provision me a rg with name Lake Bruce in location EastUS2,"
resource ""azurerm_resource_group"" ""example"" {
    name=""Lake Bruce""
    location =""EastUS2""
}
"
provision me a rg with name Roberttown in location NorthCentralUS,"
resource ""azurerm_resource_group"" ""example"" {
    name=""Roberttown""
    location =""NorthCentralUS""
}
"
provision me a rg with name South Brittanymouth in location SouthCentralUS,"
resource ""azurerm_resource_group"" ""example"" {
    name=""South Brittanymouth""
    location =""SouthCentralUS""
}
"
provision me a rg with name New Pamela in location EastUS2,"
resource ""azurerm_resource_group"" ""example"" {
    name=""New Pamela""
    location =""EastUS2""
}
"
provision me a rg with name Port Daltonchester in location NorthCentralUS,"
resource ""azurerm_resource_group"" ""example"" {
    name=""Port Daltonchester""
    location =""NorthCentralUS""
}
"
provision me a rg with name Baileybury in location SouthCentralUS,"
resource ""azurerm_resource_group"" ""example"" {
    name=""Baileybury""
    location =""SouthCentralUS""
}
"
provision me a rg with name New Zachary in location WestUS,"
resource ""azurerm_resource_group"" ""example"" {
    name=""New Zachary""
    location =""WestUS""
}
"
provision me a rg with name South Vickiland in location SouthCentralUS,"
resource ""azurerm_resource_group"" ""example"" {
    name=""South Vickiland""
    location =""SouthCentralUS""
}
"
provision me a rg with name Donaldside in location SouthCentralUS,"
resource ""azurerm_resource_group"" ""example"" {
    name=""Donaldside""
    location =""SouthCentralUS""
}
"
provision me a rg with name New Dianemouth in location EastUS,"
resource ""azurerm_resource_group"" ""example"" {
    name=""New Dianemouth""
    location =""EastUS""
}
"
provision me a rg with name North Alan in location WestUS,"
resource ""azurerm_resource_group"" ""example"" {
    name=""North Alan""
    location =""WestUS""
}
"
provision me a rg with name Kristenland in location NorthCentralUS,"
resource ""azurerm_resource_group"" ""example"" {
    name=""Kristenland""
    location =""NorthCentralUS""
}
"
provision me a rg with name Lake Stephanie in location WestUS,"
resource ""azurerm_resource_group"" ""example"" {
    name=""Lake Stephanie""
    location =""WestUS""
}
"
provision me a rg with name New Codyview in location EastUS,"
resource ""azurerm_resource_group"" ""example"" {
    name=""New Codyview""
    location =""EastUS""
}
"
provision me a rg with name Gabriellemouth in location EastUS2,"
resource ""azurerm_resource_group"" ""example"" {
    name=""Gabriellemouth""
    location =""EastUS2""
}
"
provision me a rg with name Josephborough in location NorthCentralUS,"
resource ""azurerm_resource_group"" ""example"" {
    name=""Josephborough""
    location =""NorthCentralUS""
}
"
provision me a rg with name Mcguireburgh in location SouthCentralUS,"
resource ""azurerm_resource_group"" ""example"" {
    name=""Mcguireburgh""
    location =""SouthCentralUS""
}
"
provision me a rg with name Pamelafurt in location SouthCentralUS,"
resource ""azurerm_resource_group"" ""example"" {
    name=""Pamelafurt""
    location =""SouthCentralUS""
}
"
provision me a rg with name Shaneland in location EastUS2,"
resource ""azurerm_resource_group"" ""example"" {
    name=""Shaneland""
    location =""EastUS2""
}
"
provision me a rg with name East Amanda in location SouthCentralUS,"
resource ""azurerm_resource_group"" ""example"" {
    name=""East Amanda""
    location =""SouthCentralUS""
}
"
provision me a rg with name West Theresaton in location EastUS2,"
resource ""azurerm_resource_group"" ""example"" {
    name=""West Theresaton""
    location =""EastUS2""
}
"
provision me a rg with name East Lori in location EastUS2,"
resource ""azurerm_resource_group"" ""example"" {
    name=""East Lori""
    location =""EastUS2""
}
"
provision me a rg with name New Madisonbury in location NorthCentralUS,"
resource ""azurerm_resource_group"" ""example"" {
    name=""New Madisonbury""
    location =""NorthCentralUS""
}
"
provision me a rg with name North Gail in location EastUS,"
resource ""azurerm_resource_group"" ""example"" {
    name=""North Gail""
    location =""EastUS""
}
"
provision me a rg with name Mcgrathtown in location SouthCentralUS,"
resource ""azurerm_resource_group"" ""example"" {
    name=""Mcgrathtown""
    location =""SouthCentralUS""
}
"
provision me a rg with name East Steven in location SouthCentralUS,"
resource ""azurerm_resource_group"" ""example"" {
    name=""East Steven""
    location =""SouthCentralUS""
}
"
provision me a rg with name New Johnmouth in location EastUS2,"
resource ""azurerm_resource_group"" ""example"" {
    name=""New Johnmouth""
    location =""EastUS2""
}
"
provision me a rg with name Johnsonfort in location SouthCentralUS,"
resource ""azurerm_resource_group"" ""example"" {
    name=""Johnsonfort""
    location =""SouthCentralUS""
}
"
provision me a rg with name North Ashley in location NorthCentralUS,"
resource ""azurerm_resource_group"" ""example"" {
    name=""North Ashley""
    location =""NorthCentralUS""
}
"
provision me a rg with name South Joseph in location EastUS2,"
resource ""azurerm_resource_group"" ""example"" {
    name=""South Joseph""
    location =""EastUS2""
}
"
provision me a rg with name Tatehaven in location EastUS,"
resource ""azurerm_resource_group"" ""example"" {
    name=""Tatehaven""
    location =""EastUS""
}
"
provision me a rg with name Johnsonview in location WestUS,"
resource ""azurerm_resource_group"" ""example"" {
    name=""Johnsonview""
    location =""WestUS""
}
"
provision me a rg with name Port Stephenland in location SouthCentralUS,"
resource ""azurerm_resource_group"" ""example"" {
    name=""Port Stephenland""
    location =""SouthCentralUS""
}
"
provision me a rg with name New Amanda in location WestUS,"
resource ""azurerm_resource_group"" ""example"" {
    name=""New Amanda""
    location =""WestUS""
}
"
provision me a rg with name Jamesmouth in location NorthCentralUS,"
resource ""azurerm_resource_group"" ""example"" {
    name=""Jamesmouth""
    location =""NorthCentralUS""
}
"
provision me a rg with name Hallmouth in location WestUS,"
resource ""azurerm_resource_group"" ""example"" {
    name=""Hallmouth""
    location =""WestUS""
}
"
provision me a rg with name Woodberg in location NorthCentralUS,"
resource ""azurerm_resource_group"" ""example"" {
    name=""Woodberg""
    location =""NorthCentralUS""
}
"
provision me a rg with name Amandaport in location EastUS2,"
resource ""azurerm_resource_group"" ""example"" {
    name=""Amandaport""
    location =""EastUS2""
}
"
provision me a rg with name Brittanyberg in location WestUS,"
resource ""azurerm_resource_group"" ""example"" {
    name=""Brittanyberg""
    location =""WestUS""
}
"
provision me a rg with name Marymouth in location NorthCentralUS,"
resource ""azurerm_resource_group"" ""example"" {
    name=""Marymouth""
    location =""NorthCentralUS""
}
"
provision me a rg with name Adamsshire in location WestUS,"
resource ""azurerm_resource_group"" ""example"" {
    name=""Adamsshire""
    location =""WestUS""
}
"
provision me a rg with name Grahamshire in location WestUS,"
resource ""azurerm_resource_group"" ""example"" {
    name=""Grahamshire""
    location =""WestUS""
}
"
provision me a rg with name Watkinsville in location EastUS2,"
resource ""azurerm_resource_group"" ""example"" {
    name=""Watkinsville""
    location =""EastUS2""
}
"
provision me a rg with name Vanceside in location EastUS,"
resource ""azurerm_resource_group"" ""example"" {
    name=""Vanceside""
    location =""EastUS""
}
"
provision me a rg with name Brianborough in location EastUS2,"
resource ""azurerm_resource_group"" ""example"" {
    name=""Brianborough""
    location =""EastUS2""
}
"
provision me a rg with name Port Diamondhaven in location SouthCentralUS,"
resource ""azurerm_resource_group"" ""example"" {
    name=""Port Diamondhaven""
    location =""SouthCentralUS""
}
"
provision me a rg with name North Kaylaburgh in location WestUS,"
resource ""azurerm_resource_group"" ""example"" {
    name=""North Kaylaburgh""
    location =""WestUS""
}
"
provision me a rg with name New Matthewhaven in location SouthCentralUS,"
resource ""azurerm_resource_group"" ""example"" {
    name=""New Matthewhaven""
    location =""SouthCentralUS""
}
"
provision me a rg with name South Matthewland in location SouthCentralUS,"
resource ""azurerm_resource_group"" ""example"" {
    name=""South Matthewland""
    location =""SouthCentralUS""
}
"
provision me a rg with name Thomasmouth in location EastUS2,"
resource ""azurerm_resource_group"" ""example"" {
    name=""Thomasmouth""
    location =""EastUS2""
}
"
provision me a rg with name Cunninghamland in location NorthCentralUS,"
resource ""azurerm_resource_group"" ""example"" {
    name=""Cunninghamland""
    location =""NorthCentralUS""
}
"
provision me a rg with name Port Dianefort in location EastUS2,"
resource ""azurerm_resource_group"" ""example"" {
    name=""Port Dianefort""
    location =""EastUS2""
}
"
provision me a rg with name Chambersbury in location NorthCentralUS,"
resource ""azurerm_resource_group"" ""example"" {
    name=""Chambersbury""
    location =""NorthCentralUS""
}
"
provision me a rg with name Karamouth in location WestUS,"
resource ""azurerm_resource_group"" ""example"" {
    name=""Karamouth""
    location =""WestUS""
}
"
provision me a rg with name Andersonburgh in location EastUS2,"
resource ""azurerm_resource_group"" ""example"" {
    name=""Andersonburgh""
    location =""EastUS2""
}
"
provision me a rg with name Mooreburgh in location EastUS2,"
resource ""azurerm_resource_group"" ""example"" {
    name=""Mooreburgh""
    location =""EastUS2""
}
"
provision me a rg with name Johnview in location SouthCentralUS,"
resource ""azurerm_resource_group"" ""example"" {
    name=""Johnview""
    location =""SouthCentralUS""
}
"
provision me a rg with name Amyberg in location EastUS,"
resource ""azurerm_resource_group"" ""example"" {
    name=""Amyberg""
    location =""EastUS""
}
"
provision me a rg with name New Dakota in location NorthCentralUS,"
resource ""azurerm_resource_group"" ""example"" {
    name=""New Dakota""
    location =""NorthCentralUS""
}
"
provision me a rg with name Phillipsshire in location WestUS,"
resource ""azurerm_resource_group"" ""example"" {
    name=""Phillipsshire""
    location =""WestUS""
}
"
provision me a rg with name West Mario in location EastUS2,"
resource ""azurerm_resource_group"" ""example"" {
    name=""West Mario""
    location =""EastUS2""
}
"
provision me a rg with name Jasonmouth in location EastUS2,"
resource ""azurerm_resource_group"" ""example"" {
    name=""Jasonmouth""
    location =""EastUS2""
}
"
provision me a rg with name Port Rachelborough in location WestUS,"
resource ""azurerm_resource_group"" ""example"" {
    name=""Port Rachelborough""
    location =""WestUS""
}
"
provision me a rg with name Swansonshire in location EastUS,"
resource ""azurerm_resource_group"" ""example"" {
    name=""Swansonshire""
    location =""EastUS""
}
"
provision me a rg with name New Lindahaven in location WestUS,"
resource ""azurerm_resource_group"" ""example"" {
    name=""New Lindahaven""
    location =""WestUS""
}
"
provision me a rg with name Drakeshire in location EastUS2,"
resource ""azurerm_resource_group"" ""example"" {
    name=""Drakeshire""
    location =""EastUS2""
}
"
provision me a rg with name Paulside in location EastUS,"
resource ""azurerm_resource_group"" ""example"" {
    name=""Paulside""
    location =""EastUS""
}
"
provision me a rg with name North Taylor in location SouthCentralUS,"
resource ""azurerm_resource_group"" ""example"" {
    name=""North Taylor""
    location =""SouthCentralUS""
}
"
provision me a rg with name Goodwinmouth in location EastUS2,"
resource ""azurerm_resource_group"" ""example"" {
    name=""Goodwinmouth""
    location =""EastUS2""
}
"
provision me a rg with name New Brian in location EastUS2,"
resource ""azurerm_resource_group"" ""example"" {
    name=""New Brian""
    location =""EastUS2""
}
"
provision me a rg with name Port Johnmouth in location EastUS2,"
resource ""azurerm_resource_group"" ""example"" {
    name=""Port Johnmouth""
    location =""EastUS2""
}
"
provision me a rg with name Port Ryanmouth in location SouthCentralUS,"
resource ""azurerm_resource_group"" ""example"" {
    name=""Port Ryanmouth""
    location =""SouthCentralUS""
}
"
provision me a rg with name West Tinafurt in location EastUS2,"
resource ""azurerm_resource_group"" ""example"" {
    name=""West Tinafurt""
    location =""EastUS2""
}
"
provision me a rg with name North David in location EastUS2,"
resource ""azurerm_resource_group"" ""example"" {
    name=""North David""
    location =""EastUS2""
}
"
provision me a rg with name North Meghan in location SouthCentralUS,"
resource ""azurerm_resource_group"" ""example"" {
    name=""North Meghan""
    location =""SouthCentralUS""
}
"
provision me a rg with name New Martinton in location SouthCentralUS,"
resource ""azurerm_resource_group"" ""example"" {
    name=""New Martinton""
    location =""SouthCentralUS""
}
"
provision me a rg with name North Jeremiahmouth in location NorthCentralUS,"
resource ""azurerm_resource_group"" ""example"" {
    name=""North Jeremiahmouth""
    location =""NorthCentralUS""
}
"
provision me a rg with name Lake Amandafort in location EastUS,"
resource ""azurerm_resource_group"" ""example"" {
    name=""Lake Amandafort""
    location =""EastUS""
}
"
provision me a rg with name Millshaven in location NorthCentralUS,"
resource ""azurerm_resource_group"" ""example"" {
    name=""Millshaven""
    location =""NorthCentralUS""
}
"
provision me a rg with name Velasquezhaven in location NorthCentralUS,"
resource ""azurerm_resource_group"" ""example"" {
    name=""Velasquezhaven""
    location =""NorthCentralUS""
}
"
provision me a rg with name Garciaside in location EastUS2,"
resource ""azurerm_resource_group"" ""example"" {
    name=""Garciaside""
    location =""EastUS2""
}
"
provision me a rg with name Dennismouth in location NorthCentralUS,"
resource ""azurerm_resource_group"" ""example"" {
    name=""Dennismouth""
    location =""NorthCentralUS""
}
"
provision me a rg with name Amandaview in location SouthCentralUS,"
resource ""azurerm_resource_group"" ""example"" {
    name=""Amandaview""
    location =""SouthCentralUS""
}
"
provision me a rg with name Acostatown in location EastUS,"
resource ""azurerm_resource_group"" ""example"" {
    name=""Acostatown""
    location =""EastUS""
}
"
provision me a rg with name Lake Michaelland in location SouthCentralUS,"
resource ""azurerm_resource_group"" ""example"" {
    name=""Lake Michaelland""
    location =""SouthCentralUS""
}
"
provision me a rg with name Joneschester in location EastUS,"
resource ""azurerm_resource_group"" ""example"" {
    name=""Joneschester""
    location =""EastUS""
}
"
provision me a rg with name Michelleberg in location NorthCentralUS,"
resource ""azurerm_resource_group"" ""example"" {
    name=""Michelleberg""
    location =""NorthCentralUS""
}
"
provision me a rg with name East Garystad in location SouthCentralUS,"
resource ""azurerm_resource_group"" ""example"" {
    name=""East Garystad""
    location =""SouthCentralUS""
}
"
provision me a rg with name South Jason in location EastUS,"
resource ""azurerm_resource_group"" ""example"" {
    name=""South Jason""
    location =""EastUS""
}
"
provision me a rg with name West Julie in location EastUS2,"
resource ""azurerm_resource_group"" ""example"" {
    name=""West Julie""
    location =""EastUS2""
}
"
provision me a rg with name South Timothyhaven in location EastUS,"
resource ""azurerm_resource_group"" ""example"" {
    name=""South Timothyhaven""
    location =""EastUS""
}
"
provision me a rg with name Schroederfurt in location SouthCentralUS,"
resource ""azurerm_resource_group"" ""example"" {
    name=""Schroederfurt""
    location =""SouthCentralUS""
}
"
provision me a rg with name Aprilfort in location EastUS2,"
resource ""azurerm_resource_group"" ""example"" {
    name=""Aprilfort""
    location =""EastUS2""
}
"
provision me a rg with name Batesport in location SouthCentralUS,"
resource ""azurerm_resource_group"" ""example"" {
    name=""Batesport""
    location =""SouthCentralUS""
}
"
provision me a rg with name Robertsonbury in location EastUS,"
resource ""azurerm_resource_group"" ""example"" {
    name=""Robertsonbury""
    location =""EastUS""
}
"
provision me a rg with name Tylerchester in location NorthCentralUS,"
resource ""azurerm_resource_group"" ""example"" {
    name=""Tylerchester""
    location =""NorthCentralUS""
}
"
provision me a rg with name Munozstad in location WestUS,"
resource ""azurerm_resource_group"" ""example"" {
    name=""Munozstad""
    location =""WestUS""
}
"
provision me a rg with name Brockville in location WestUS,"
resource ""azurerm_resource_group"" ""example"" {
    name=""Brockville""
    location =""WestUS""
}
"
provision me a rg with name East Kaitlyn in location EastUS2,"
resource ""azurerm_resource_group"" ""example"" {
    name=""East Kaitlyn""
    location =""EastUS2""
}
"
provision me a rg with name West Jamesview in location EastUS2,"
resource ""azurerm_resource_group"" ""example"" {
    name=""West Jamesview""
    location =""EastUS2""
}
"
provision me a rg with name North Timothybury in location WestUS,"
resource ""azurerm_resource_group"" ""example"" {
    name=""North Timothybury""
    location =""WestUS""
}
"
provision me a rg with name Patrickfort in location WestUS,"
resource ""azurerm_resource_group"" ""example"" {
    name=""Patrickfort""
    location =""WestUS""
}
"
provision me a rg with name South Dawn in location SouthCentralUS,"
resource ""azurerm_resource_group"" ""example"" {
    name=""South Dawn""
    location =""SouthCentralUS""
}
"
provision me a rg with name North Joshua in location EastUS,"
resource ""azurerm_resource_group"" ""example"" {
    name=""North Joshua""
    location =""EastUS""
}
"
provision me a rg with name Davisfort in location EastUS2,"
resource ""azurerm_resource_group"" ""example"" {
    name=""Davisfort""
    location =""EastUS2""
}
"
provision me a rg with name Audreymouth in location SouthCentralUS,"
resource ""azurerm_resource_group"" ""example"" {
    name=""Audreymouth""
    location =""SouthCentralUS""
}
"
provision me a rg with name Floresborough in location WestUS,"
resource ""azurerm_resource_group"" ""example"" {
    name=""Floresborough""
    location =""WestUS""
}
"
provision me a rg with name Port Tony in location WestUS,"
resource ""azurerm_resource_group"" ""example"" {
    name=""Port Tony""
    location =""WestUS""
}
"
provision me a rg with name Paulmouth in location SouthCentralUS,"
resource ""azurerm_resource_group"" ""example"" {
    name=""Paulmouth""
    location =""SouthCentralUS""
}
"
provision me a rg with name South Annahaven in location WestUS,"
resource ""azurerm_resource_group"" ""example"" {
    name=""South Annahaven""
    location =""WestUS""
}
"
provision me a rg with name Maryville in location EastUS,"
resource ""azurerm_resource_group"" ""example"" {
    name=""Maryville""
    location =""EastUS""
}
"
provision me a rg with name East Devin in location EastUS2,"
resource ""azurerm_resource_group"" ""example"" {
    name=""East Devin""
    location =""EastUS2""
}
"
provision me a rg with name Laurenville in location WestUS,"
resource ""azurerm_resource_group"" ""example"" {
    name=""Laurenville""
    location =""WestUS""
}
"
provision me a rg with name Lake Seanshire in location EastUS2,"
resource ""azurerm_resource_group"" ""example"" {
    name=""Lake Seanshire""
    location =""EastUS2""
}
"
provision me a rg with name Lisaside in location WestUS,"
resource ""azurerm_resource_group"" ""example"" {
    name=""Lisaside""
    location =""WestUS""
}
"
provision me a rg with name North Alexa in location SouthCentralUS,"
resource ""azurerm_resource_group"" ""example"" {
    name=""North Alexa""
    location =""SouthCentralUS""
}
"
provision me a rg with name North Joshuaborough in location WestUS,"
resource ""azurerm_resource_group"" ""example"" {
    name=""North Joshuaborough""
    location =""WestUS""
}
"
provision me a rg with name Smithburgh in location NorthCentralUS,"
resource ""azurerm_resource_group"" ""example"" {
    name=""Smithburgh""
    location =""NorthCentralUS""
}
"
provision me a rg with name West Jacob in location SouthCentralUS,"
resource ""azurerm_resource_group"" ""example"" {
    name=""West Jacob""
    location =""SouthCentralUS""
}
"
provision me a rg with name South Marcus in location NorthCentralUS,"
resource ""azurerm_resource_group"" ""example"" {
    name=""South Marcus""
    location =""NorthCentralUS""
}
"
provision me a rg with name Lake Travis in location NorthCentralUS,"
resource ""azurerm_resource_group"" ""example"" {
    name=""Lake Travis""
    location =""NorthCentralUS""
}
"
provision me a rg with name New William in location EastUS2,"
resource ""azurerm_resource_group"" ""example"" {
    name=""New William""
    location =""EastUS2""
}
"
provision me a rg with name Port Jermaineburgh in location WestUS,"
resource ""azurerm_resource_group"" ""example"" {
    name=""Port Jermaineburgh""
    location =""WestUS""
}
"
provision me a rg with name Hannahhaven in location NorthCentralUS,"
resource ""azurerm_resource_group"" ""example"" {
    name=""Hannahhaven""
    location =""NorthCentralUS""
}
"
provision me a rg with name Smithport in location NorthCentralUS,"
resource ""azurerm_resource_group"" ""example"" {
    name=""Smithport""
    location =""NorthCentralUS""
}
"
provision me a rg with name East Bruceton in location WestUS,"
resource ""azurerm_resource_group"" ""example"" {
    name=""East Bruceton""
    location =""WestUS""
}
"
provision me a rg with name Connertown in location WestUS,"
resource ""azurerm_resource_group"" ""example"" {
    name=""Connertown""
    location =""WestUS""
}
"
provision me a rg with name East Alexanderfort in location EastUS,"
resource ""azurerm_resource_group"" ""example"" {
    name=""East Alexanderfort""
    location =""EastUS""
}
"
provision me a rg with name Lake Hayley in location WestUS,"
resource ""azurerm_resource_group"" ""example"" {
    name=""Lake Hayley""
    location =""WestUS""
}
"
provision me a rg with name Josephside in location NorthCentralUS,"
resource ""azurerm_resource_group"" ""example"" {
    name=""Josephside""
    location =""NorthCentralUS""
}
"
provision me a rg with name New Shannon in location NorthCentralUS,"
resource ""azurerm_resource_group"" ""example"" {
    name=""New Shannon""
    location =""NorthCentralUS""
}
"
provision me a rg with name Jasonmouth in location NorthCentralUS,"
resource ""azurerm_resource_group"" ""example"" {
    name=""Jasonmouth""
    location =""NorthCentralUS""
}
"
provision me a rg with name Jacquelineland in location EastUS,"
resource ""azurerm_resource_group"" ""example"" {
    name=""Jacquelineland""
    location =""EastUS""
}
"
provision me a rg with name West Susanstad in location SouthCentralUS,"
resource ""azurerm_resource_group"" ""example"" {
    name=""West Susanstad""
    location =""SouthCentralUS""
}
"
provision me a rg with name New Deniseland in location SouthCentralUS,"
resource ""azurerm_resource_group"" ""example"" {
    name=""New Deniseland""
    location =""SouthCentralUS""
}
"
provision me a rg with name Harveyside in location EastUS2,"
resource ""azurerm_resource_group"" ""example"" {
    name=""Harveyside""
    location =""EastUS2""
}
"
provision me a rg with name Greenefort in location EastUS,"
resource ""azurerm_resource_group"" ""example"" {
    name=""Greenefort""
    location =""EastUS""
}
"
provision me a rg with name West Mary in location SouthCentralUS,"
resource ""azurerm_resource_group"" ""example"" {
    name=""West Mary""
    location =""SouthCentralUS""
}
"
provision me a rg with name Lake Tammy in location NorthCentralUS,"
resource ""azurerm_resource_group"" ""example"" {
    name=""Lake Tammy""
    location =""NorthCentralUS""
}
"
provision me a rg with name West Francesside in location EastUS,"
resource ""azurerm_resource_group"" ""example"" {
    name=""West Francesside""
    location =""EastUS""
}
"
provision me a rg with name West Wayne in location EastUS,"
resource ""azurerm_resource_group"" ""example"" {
    name=""West Wayne""
    location =""EastUS""
}
"
provision me a rg with name South Gregory in location EastUS2,"
resource ""azurerm_resource_group"" ""example"" {
    name=""South Gregory""
    location =""EastUS2""
}
"
provision me a rg with name New Jessicaton in location NorthCentralUS,"
resource ""azurerm_resource_group"" ""example"" {
    name=""New Jessicaton""
    location =""NorthCentralUS""
}
"
provision me a rg with name Howeshire in location EastUS2,"
resource ""azurerm_resource_group"" ""example"" {
    name=""Howeshire""
    location =""EastUS2""
}
"
provision me a rg with name Port Justin in location EastUS,"
resource ""azurerm_resource_group"" ""example"" {
    name=""Port Justin""
    location =""EastUS""
}
"
provision me a rg with name Mauricefurt in location NorthCentralUS,"
resource ""azurerm_resource_group"" ""example"" {
    name=""Mauricefurt""
    location =""NorthCentralUS""
}
"
provision me a rg with name Thomasview in location EastUS,"
resource ""azurerm_resource_group"" ""example"" {
    name=""Thomasview""
    location =""EastUS""
}
"
provision me a rg with name Jacksonview in location EastUS2,"
resource ""azurerm_resource_group"" ""example"" {
    name=""Jacksonview""
    location =""EastUS2""
}
"
provision me a rg with name Port Lindsey in location NorthCentralUS,"
resource ""azurerm_resource_group"" ""example"" {
    name=""Port Lindsey""
    location =""NorthCentralUS""
}
"
provision me a rg with name East Brian in location EastUS2,"
resource ""azurerm_resource_group"" ""example"" {
    name=""East Brian""
    location =""EastUS2""
}
"
provision me a rg with name New Crystalmouth in location SouthCentralUS,"
resource ""azurerm_resource_group"" ""example"" {
    name=""New Crystalmouth""
    location =""SouthCentralUS""
}
"
provision me a rg with name Carolynmouth in location NorthCentralUS,"
resource ""azurerm_resource_group"" ""example"" {
    name=""Carolynmouth""
    location =""NorthCentralUS""
}
"
provision me a rg with name South Stacieland in location WestUS,"
resource ""azurerm_resource_group"" ""example"" {
    name=""South Stacieland""
    location =""WestUS""
}
"
provision me a rg with name North Adam in location EastUS2,"
resource ""azurerm_resource_group"" ""example"" {
    name=""North Adam""
    location =""EastUS2""
}
"
provision me a rg with name Tarastad in location NorthCentralUS,"
resource ""azurerm_resource_group"" ""example"" {
    name=""Tarastad""
    location =""NorthCentralUS""
}
"
provision me a rg with name New Barbarafurt in location WestUS,"
resource ""azurerm_resource_group"" ""example"" {
    name=""New Barbarafurt""
    location =""WestUS""
}
"
provision me a rg with name Wardshire in location EastUS2,"
resource ""azurerm_resource_group"" ""example"" {
    name=""Wardshire""
    location =""EastUS2""
}
"
provision me a rg with name Beasleytown in location WestUS,"
resource ""azurerm_resource_group"" ""example"" {
    name=""Beasleytown""
    location =""WestUS""
}
"
provision me a rg with name Chenside in location NorthCentralUS,"
resource ""azurerm_resource_group"" ""example"" {
    name=""Chenside""
    location =""NorthCentralUS""
}
"
provision me a rg with name North Aaron in location WestUS,"
resource ""azurerm_resource_group"" ""example"" {
    name=""North Aaron""
    location =""WestUS""
}
"
provision me a rg with name New Michael in location NorthCentralUS,"
resource ""azurerm_resource_group"" ""example"" {
    name=""New Michael""
    location =""NorthCentralUS""
}
"
provision me a rg with name Port Lawrence in location EastUS,"
resource ""azurerm_resource_group"" ""example"" {
    name=""Port Lawrence""
    location =""EastUS""
}
"
provision me a rg with name Michaelburgh in location NorthCentralUS,"
resource ""azurerm_resource_group"" ""example"" {
    name=""Michaelburgh""
    location =""NorthCentralUS""
}
"
provision me a rg with name West Danielview in location NorthCentralUS,"
resource ""azurerm_resource_group"" ""example"" {
    name=""West Danielview""
    location =""NorthCentralUS""
}
"
provision me a rg with name Rodriguezburgh in location WestUS,"
resource ""azurerm_resource_group"" ""example"" {
    name=""Rodriguezburgh""
    location =""WestUS""
}
"
provision me a rg with name Toddmouth in location SouthCentralUS,"
resource ""azurerm_resource_group"" ""example"" {
    name=""Toddmouth""
    location =""SouthCentralUS""
}
"
provision me a rg with name Port Erin in location NorthCentralUS,"
resource ""azurerm_resource_group"" ""example"" {
    name=""Port Erin""
    location =""NorthCentralUS""
}
"
provision me a rg with name Veronicaberg in location EastUS,"
resource ""azurerm_resource_group"" ""example"" {
    name=""Veronicaberg""
    location =""EastUS""
}
"
provision me a rg with name South Ashleyshire in location WestUS,"
resource ""azurerm_resource_group"" ""example"" {
    name=""South Ashleyshire""
    location =""WestUS""
}
"
provision me a rg with name Deniseside in location EastUS,"
resource ""azurerm_resource_group"" ""example"" {
    name=""Deniseside""
    location =""EastUS""
}
"
provision me a rg with name South Tara in location NorthCentralUS,"
resource ""azurerm_resource_group"" ""example"" {
    name=""South Tara""
    location =""NorthCentralUS""
}
"
provision me a rg with name Nicolechester in location NorthCentralUS,"
resource ""azurerm_resource_group"" ""example"" {
    name=""Nicolechester""
    location =""NorthCentralUS""
}
"
provision me a rg with name West Neilside in location NorthCentralUS,"
resource ""azurerm_resource_group"" ""example"" {
    name=""West Neilside""
    location =""NorthCentralUS""
}
"
provision me a rg with name New Laura in location SouthCentralUS,"
resource ""azurerm_resource_group"" ""example"" {
    name=""New Laura""
    location =""SouthCentralUS""
}
"
provision me a rg with name North Margaretberg in location EastUS,"
resource ""azurerm_resource_group"" ""example"" {
    name=""North Margaretberg""
    location =""EastUS""
}
"
provision me a rg with name New Tinamouth in location EastUS,"
resource ""azurerm_resource_group"" ""example"" {
    name=""New Tinamouth""
    location =""EastUS""
}
"
provision me a rg with name East Bettyville in location EastUS2,"
resource ""azurerm_resource_group"" ""example"" {
    name=""East Bettyville""
    location =""EastUS2""
}
"
provision me a rg with name Bellshire in location SouthCentralUS,"
resource ""azurerm_resource_group"" ""example"" {
    name=""Bellshire""
    location =""SouthCentralUS""
}
"
provision me a rg with name West Sarah in location WestUS,"
resource ""azurerm_resource_group"" ""example"" {
    name=""West Sarah""
    location =""WestUS""
}
"
provision me a rg with name Freemanside in location EastUS,"
resource ""azurerm_resource_group"" ""example"" {
    name=""Freemanside""
    location =""EastUS""
}
"
provision me a rg with name Williammouth in location EastUS,"
resource ""azurerm_resource_group"" ""example"" {
    name=""Williammouth""
    location =""EastUS""
}
"
provision me a rg with name Robertborough in location WestUS,"
resource ""azurerm_resource_group"" ""example"" {
    name=""Robertborough""
    location =""WestUS""
}
"
provision me a rg with name North Brendanstad in location WestUS,"
resource ""azurerm_resource_group"" ""example"" {
    name=""North Brendanstad""
    location =""WestUS""
}
"
provision me a rg with name Lake Timothy in location EastUS,"
resource ""azurerm_resource_group"" ""example"" {
    name=""Lake Timothy""
    location =""EastUS""
}
"
provision me a rg with name Kaylatown in location EastUS,"
resource ""azurerm_resource_group"" ""example"" {
    name=""Kaylatown""
    location =""EastUS""
}
"
provision me a rg with name Lake Amy in location NorthCentralUS,"
resource ""azurerm_resource_group"" ""example"" {
    name=""Lake Amy""
    location =""NorthCentralUS""
}
"
provision me a rg with name Lake Elizabethside in location EastUS,"
resource ""azurerm_resource_group"" ""example"" {
    name=""Lake Elizabethside""
    location =""EastUS""
}
"
provision me a rg with name North Donald in location EastUS,"
resource ""azurerm_resource_group"" ""example"" {
    name=""North Donald""
    location =""EastUS""
}
"
provision me a rg with name Bennettshire in location SouthCentralUS,"
resource ""azurerm_resource_group"" ""example"" {
    name=""Bennettshire""
    location =""SouthCentralUS""
}
"
provision me a rg with name Allenmouth in location SouthCentralUS,"
resource ""azurerm_resource_group"" ""example"" {
    name=""Allenmouth""
    location =""SouthCentralUS""
}
"
provision me a rg with name Glennhaven in location NorthCentralUS,"
resource ""azurerm_resource_group"" ""example"" {
    name=""Glennhaven""
    location =""NorthCentralUS""
}
"
provision me a rg with name Woodton in location WestUS,"
resource ""azurerm_resource_group"" ""example"" {
    name=""Woodton""
    location =""WestUS""
}
"
provision me a rg with name Mccarthybury in location EastUS2,"
resource ""azurerm_resource_group"" ""example"" {
    name=""Mccarthybury""
    location =""EastUS2""
}
"
provision me a rg with name East Patriciachester in location EastUS2,"
resource ""azurerm_resource_group"" ""example"" {
    name=""East Patriciachester""
    location =""EastUS2""
}
"
provision me a rg with name Fishermouth in location EastUS2,"
resource ""azurerm_resource_group"" ""example"" {
    name=""Fishermouth""
    location =""EastUS2""
}
"
provision me a rg with name Stevensonberg in location EastUS2,"
resource ""azurerm_resource_group"" ""example"" {
    name=""Stevensonberg""
    location =""EastUS2""
}
"
provision me a rg with name Adamshaven in location EastUS2,"
resource ""azurerm_resource_group"" ""example"" {
    name=""Adamshaven""
    location =""EastUS2""
}
"
provision me a rg with name East Javierburgh in location NorthCentralUS,"
resource ""azurerm_resource_group"" ""example"" {
    name=""East Javierburgh""
    location =""NorthCentralUS""
}
"
provision me a rg with name Walkermouth in location NorthCentralUS,"
resource ""azurerm_resource_group"" ""example"" {
    name=""Walkermouth""
    location =""NorthCentralUS""
}
"
provision me a rg with name Georgeton in location EastUS,"
resource ""azurerm_resource_group"" ""example"" {
    name=""Georgeton""
    location =""EastUS""
}
"
provision me a rg with name Matthewberg in location EastUS2,"
resource ""azurerm_resource_group"" ""example"" {
    name=""Matthewberg""
    location =""EastUS2""
}
"
provision me a rg with name West Aaron in location EastUS2,"
resource ""azurerm_resource_group"" ""example"" {
    name=""West Aaron""
    location =""EastUS2""
}
"
provision me a rg with name Williamsside in location EastUS2,"
resource ""azurerm_resource_group"" ""example"" {
    name=""Williamsside""
    location =""EastUS2""
}
"
provision me a rg with name Campbellborough in location WestUS,"
resource ""azurerm_resource_group"" ""example"" {
    name=""Campbellborough""
    location =""WestUS""
}
"
provision me a rg with name Leahville in location NorthCentralUS,"
resource ""azurerm_resource_group"" ""example"" {
    name=""Leahville""
    location =""NorthCentralUS""
}
"
provision me a rg with name Port Ashley in location EastUS2,"
resource ""azurerm_resource_group"" ""example"" {
    name=""Port Ashley""
    location =""EastUS2""
}
"
provision me a rg with name New Michaelstad in location EastUS,"
resource ""azurerm_resource_group"" ""example"" {
    name=""New Michaelstad""
    location =""EastUS""
}
"
provision me a rg with name North Tylertown in location EastUS2,"
resource ""azurerm_resource_group"" ""example"" {
    name=""North Tylertown""
    location =""EastUS2""
}
"
provision me a rg with name Charlesport in location NorthCentralUS,"
resource ""azurerm_resource_group"" ""example"" {
    name=""Charlesport""
    location =""NorthCentralUS""
}
"
provision me a rg with name South Christina in location SouthCentralUS,"
resource ""azurerm_resource_group"" ""example"" {
    name=""South Christina""
    location =""SouthCentralUS""
}
"
provision me a rg with name Leonardstad in location WestUS,"
resource ""azurerm_resource_group"" ""example"" {
    name=""Leonardstad""
    location =""WestUS""
}
"
provision me a rg with name Clarkfurt in location EastUS,"
resource ""azurerm_resource_group"" ""example"" {
    name=""Clarkfurt""
    location =""EastUS""
}
"
provision me a rg with name West Lisahaven in location WestUS,"
resource ""azurerm_resource_group"" ""example"" {
    name=""West Lisahaven""
    location =""WestUS""
}
"
provision me a rg with name Baileyland in location WestUS,"
resource ""azurerm_resource_group"" ""example"" {
    name=""Baileyland""
    location =""WestUS""
}
"
provision me a rg with name North Erica in location NorthCentralUS,"
resource ""azurerm_resource_group"" ""example"" {
    name=""North Erica""
    location =""NorthCentralUS""
}
"
provision me a rg with name Jessicachester in location EastUS,"
resource ""azurerm_resource_group"" ""example"" {
    name=""Jessicachester""
    location =""EastUS""
}
"
provision me a rg with name Port Timothy in location NorthCentralUS,"
resource ""azurerm_resource_group"" ""example"" {
    name=""Port Timothy""
    location =""NorthCentralUS""
}
"
provision me a rg with name East Connieport in location NorthCentralUS,"
resource ""azurerm_resource_group"" ""example"" {
    name=""East Connieport""
    location =""NorthCentralUS""
}
"
provision me a rg with name Mitchellmouth in location EastUS2,"
resource ""azurerm_resource_group"" ""example"" {
    name=""Mitchellmouth""
    location =""EastUS2""
}
"
provision me a rg with name Port Kimberly in location SouthCentralUS,"
resource ""azurerm_resource_group"" ""example"" {
    name=""Port Kimberly""
    location =""SouthCentralUS""
}
"
provision me a rg with name Chandlerfurt in location EastUS,"
resource ""azurerm_resource_group"" ""example"" {
    name=""Chandlerfurt""
    location =""EastUS""
}
"
provision me a rg with name Hoffmanport in location EastUS2,"
resource ""azurerm_resource_group"" ""example"" {
    name=""Hoffmanport""
    location =""EastUS2""
}
"
provision me a rg with name New Raymondshire in location EastUS,"
resource ""azurerm_resource_group"" ""example"" {
    name=""New Raymondshire""
    location =""EastUS""
}
"
provision me a rg with name Smithshire in location WestUS,"
resource ""azurerm_resource_group"" ""example"" {
    name=""Smithshire""
    location =""WestUS""
}
"
provision me a rg with name Craigberg in location WestUS,"
resource ""azurerm_resource_group"" ""example"" {
    name=""Craigberg""
    location =""WestUS""
}
"
provision me a rg with name Port Sean in location SouthCentralUS,"
resource ""azurerm_resource_group"" ""example"" {
    name=""Port Sean""
    location =""SouthCentralUS""
}
"
provision me a rg with name Perkinsville in location WestUS,"
resource ""azurerm_resource_group"" ""example"" {
    name=""Perkinsville""
    location =""WestUS""
}
"
provision me a rg with name North Tracytown in location SouthCentralUS,"
resource ""azurerm_resource_group"" ""example"" {
    name=""North Tracytown""
    location =""SouthCentralUS""
}
"
provision me a rg with name Michaelmouth in location WestUS,"
resource ""azurerm_resource_group"" ""example"" {
    name=""Michaelmouth""
    location =""WestUS""
}
"
provision me a rg with name Lake Brandon in location NorthCentralUS,"
resource ""azurerm_resource_group"" ""example"" {
    name=""Lake Brandon""
    location =""NorthCentralUS""
}
"
provision me a rg with name Cervantesstad in location SouthCentralUS,"
resource ""azurerm_resource_group"" ""example"" {
    name=""Cervantesstad""
    location =""SouthCentralUS""
}
"
provision me a rg with name Nicholaston in location WestUS,"
resource ""azurerm_resource_group"" ""example"" {
    name=""Nicholaston""
    location =""WestUS""
}
"
provision me a rg with name Josephfort in location NorthCentralUS,"
resource ""azurerm_resource_group"" ""example"" {
    name=""Josephfort""
    location =""NorthCentralUS""
}
"
provision me a rg with name New Alfredview in location WestUS,"
resource ""azurerm_resource_group"" ""example"" {
    name=""New Alfredview""
    location =""WestUS""
}
"
provision me a rg with name West Ann in location EastUS2,"
resource ""azurerm_resource_group"" ""example"" {
    name=""West Ann""
    location =""EastUS2""
}
"
provision me a rg with name South Alexis in location EastUS,"
resource ""azurerm_resource_group"" ""example"" {
    name=""South Alexis""
    location =""EastUS""
}
"
provision me a rg with name Jessicatown in location EastUS,"
resource ""azurerm_resource_group"" ""example"" {
    name=""Jessicatown""
    location =""EastUS""
}
"
provision me a rg with name Annland in location SouthCentralUS,"
resource ""azurerm_resource_group"" ""example"" {
    name=""Annland""
    location =""SouthCentralUS""
}
"
provision me a rg with name North Jenny in location NorthCentralUS,"
resource ""azurerm_resource_group"" ""example"" {
    name=""North Jenny""
    location =""NorthCentralUS""
}
"
provision me a rg with name New Steventon in location SouthCentralUS,"
resource ""azurerm_resource_group"" ""example"" {
    name=""New Steventon""
    location =""SouthCentralUS""
}
"
provision me a rg with name Jenniferfurt in location EastUS2,"
resource ""azurerm_resource_group"" ""example"" {
    name=""Jenniferfurt""
    location =""EastUS2""
}
"
provision me a rg with name Williammouth in location NorthCentralUS,"
resource ""azurerm_resource_group"" ""example"" {
    name=""Williammouth""
    location =""NorthCentralUS""
}
"
provision me a rg with name North Samuelberg in location SouthCentralUS,"
resource ""azurerm_resource_group"" ""example"" {
    name=""North Samuelberg""
    location =""SouthCentralUS""
}
"
provision me a rg with name Simonview in location WestUS,"
resource ""azurerm_resource_group"" ""example"" {
    name=""Simonview""
    location =""WestUS""
}
"
provision me a rg with name North Gabriellaberg in location EastUS,"
resource ""azurerm_resource_group"" ""example"" {
    name=""North Gabriellaberg""
    location =""EastUS""
}
"
provision me a rg with name South Charles in location EastUS2,"
resource ""azurerm_resource_group"" ""example"" {
    name=""South Charles""
    location =""EastUS2""
}
"
provision me a rg with name Robinsonport in location SouthCentralUS,"
resource ""azurerm_resource_group"" ""example"" {
    name=""Robinsonport""
    location =""SouthCentralUS""
}
"
provision me a rg with name West Alex in location EastUS2,"
resource ""azurerm_resource_group"" ""example"" {
    name=""West Alex""
    location =""EastUS2""
}
"
provision me a rg with name Lake Harold in location EastUS2,"
resource ""azurerm_resource_group"" ""example"" {
    name=""Lake Harold""
    location =""EastUS2""
}
"
provision me a rg with name West Michelle in location EastUS2,"
resource ""azurerm_resource_group"" ""example"" {
    name=""West Michelle""
    location =""EastUS2""
}
"
provision me a rg with name Heatherfort in location SouthCentralUS,"
resource ""azurerm_resource_group"" ""example"" {
    name=""Heatherfort""
    location =""SouthCentralUS""
}
"
provision me a rg with name North Alexandrahaven in location EastUS,"
resource ""azurerm_resource_group"" ""example"" {
    name=""North Alexandrahaven""
    location =""EastUS""
}
"
provision me a rg with name Lake Patriciaville in location EastUS2,"
resource ""azurerm_resource_group"" ""example"" {
    name=""Lake Patriciaville""
    location =""EastUS2""
}
"
provision me a rg with name South Angela in location SouthCentralUS,"
resource ""azurerm_resource_group"" ""example"" {
    name=""South Angela""
    location =""SouthCentralUS""
}
"
provision me a rg with name West Maryside in location NorthCentralUS,"
resource ""azurerm_resource_group"" ""example"" {
    name=""West Maryside""
    location =""NorthCentralUS""
}
"
provision me a rg with name Cainfurt in location NorthCentralUS,"
resource ""azurerm_resource_group"" ""example"" {
    name=""Cainfurt""
    location =""NorthCentralUS""
}
"
provision me a rg with name Port Tammyberg in location EastUS,"
resource ""azurerm_resource_group"" ""example"" {
    name=""Port Tammyberg""
    location =""EastUS""
}
"
provision me a rg with name New Shellyport in location SouthCentralUS,"
resource ""azurerm_resource_group"" ""example"" {
    name=""New Shellyport""
    location =""SouthCentralUS""
}
"
provision me a rg with name Lake Scott in location NorthCentralUS,"
resource ""azurerm_resource_group"" ""example"" {
    name=""Lake Scott""
    location =""NorthCentralUS""
}
"
provision me a rg with name New Joshuahaven in location WestUS,"
resource ""azurerm_resource_group"" ""example"" {
    name=""New Joshuahaven""
    location =""WestUS""
}
"
provision me a rg with name Smithview in location WestUS,"
resource ""azurerm_resource_group"" ""example"" {
    name=""Smithview""
    location =""WestUS""
}
"
provision me a rg with name Port Erika in location EastUS2,"
resource ""azurerm_resource_group"" ""example"" {
    name=""Port Erika""
    location =""EastUS2""
}
"
provision me a rg with name Lake Bruce in location EastUS2,"
resource ""azurerm_resource_group"" ""example"" {
    name=""Lake Bruce""
    location =""EastUS2""
}
"
provision me a rg with name Port Sean in location EastUS,"
resource ""azurerm_resource_group"" ""example"" {
    name=""Port Sean""
    location =""EastUS""
}
"
provision me a rg with name North Carolynshire in location NorthCentralUS,"
resource ""azurerm_resource_group"" ""example"" {
    name=""North Carolynshire""
    location =""NorthCentralUS""
}
"
provision me a rg with name South Michael in location SouthCentralUS,"
resource ""azurerm_resource_group"" ""example"" {
    name=""South Michael""
    location =""SouthCentralUS""
}
"
provision me a rg with name North Amber in location WestUS,"
resource ""azurerm_resource_group"" ""example"" {
    name=""North Amber""
    location =""WestUS""
}
"
provision me a rg with name Floydport in location NorthCentralUS,"
resource ""azurerm_resource_group"" ""example"" {
    name=""Floydport""
    location =""NorthCentralUS""
}
"
provision me a rg with name North Danielle in location EastUS2,"
resource ""azurerm_resource_group"" ""example"" {
    name=""North Danielle""
    location =""EastUS2""
}
"
provision me a rg with name Mathisberg in location NorthCentralUS,"
resource ""azurerm_resource_group"" ""example"" {
    name=""Mathisberg""
    location =""NorthCentralUS""
}
"
provision me a rg with name East Darrylburgh in location SouthCentralUS,"
resource ""azurerm_resource_group"" ""example"" {
    name=""East Darrylburgh""
    location =""SouthCentralUS""
}
"
provision me a rg with name Kingside in location EastUS,"
resource ""azurerm_resource_group"" ""example"" {
    name=""Kingside""
    location =""EastUS""
}
"
provision me a rg with name Rhondaland in location EastUS,"
resource ""azurerm_resource_group"" ""example"" {
    name=""Rhondaland""
    location =""EastUS""
}
"
provision me a rg with name South Danielfurt in location WestUS,"
resource ""azurerm_resource_group"" ""example"" {
    name=""South Danielfurt""
    location =""WestUS""
}
"
provision me a rg with name Lake Johnmouth in location SouthCentralUS,"
resource ""azurerm_resource_group"" ""example"" {
    name=""Lake Johnmouth""
    location =""SouthCentralUS""
}
"
provision me a rg with name Peterfort in location SouthCentralUS,"
resource ""azurerm_resource_group"" ""example"" {
    name=""Peterfort""
    location =""SouthCentralUS""
}
"
provision me a rg with name Welchfort in location EastUS2,"
resource ""azurerm_resource_group"" ""example"" {
    name=""Welchfort""
    location =""EastUS2""
}
"
provision me a rg with name North Susanland in location NorthCentralUS,"
resource ""azurerm_resource_group"" ""example"" {
    name=""North Susanland""
    location =""NorthCentralUS""
}
"
provision me a rg with name Barbarafurt in location NorthCentralUS,"
resource ""azurerm_resource_group"" ""example"" {
    name=""Barbarafurt""
    location =""NorthCentralUS""
}
"
provision me a rg with name South Tinaview in location NorthCentralUS,"
resource ""azurerm_resource_group"" ""example"" {
    name=""South Tinaview""
    location =""NorthCentralUS""
}
"
provision me a rg with name Kaufmanberg in location WestUS,"
resource ""azurerm_resource_group"" ""example"" {
    name=""Kaufmanberg""
    location =""WestUS""
}
"
provision me a rg with name Danieltown in location EastUS,"
resource ""azurerm_resource_group"" ""example"" {
    name=""Danieltown""
    location =""EastUS""
}
"
provision me a rg with name East Jenniferstad in location SouthCentralUS,"
resource ""azurerm_resource_group"" ""example"" {
    name=""East Jenniferstad""
    location =""SouthCentralUS""
}
"
provision me a rg with name Michaelfort in location SouthCentralUS,"
resource ""azurerm_resource_group"" ""example"" {
    name=""Michaelfort""
    location =""SouthCentralUS""
}
"
provision me a rg with name Juarezfurt in location NorthCentralUS,"
resource ""azurerm_resource_group"" ""example"" {
    name=""Juarezfurt""
    location =""NorthCentralUS""
}
"
provision me a rg with name Maynardport in location SouthCentralUS,"
resource ""azurerm_resource_group"" ""example"" {
    name=""Maynardport""
    location =""SouthCentralUS""
}
"
provision me a rg with name Lake Andrew in location WestUS,"
resource ""azurerm_resource_group"" ""example"" {
    name=""Lake Andrew""
    location =""WestUS""
}
"
provision me a rg with name Barbarafort in location WestUS,"
resource ""azurerm_resource_group"" ""example"" {
    name=""Barbarafort""
    location =""WestUS""
}
"
provision me a rg with name Lake Kimberlyhaven in location WestUS,"
resource ""azurerm_resource_group"" ""example"" {
    name=""Lake Kimberlyhaven""
    location =""WestUS""
}
"
provision me a rg with name Edwardchester in location EastUS,"
resource ""azurerm_resource_group"" ""example"" {
    name=""Edwardchester""
    location =""EastUS""
}
"
provision me a rg with name South Donaldmouth in location EastUS2,"
resource ""azurerm_resource_group"" ""example"" {
    name=""South Donaldmouth""
    location =""EastUS2""
}
"
provision me a rg with name South Sheilatown in location NorthCentralUS,"
resource ""azurerm_resource_group"" ""example"" {
    name=""South Sheilatown""
    location =""NorthCentralUS""
}
"
provision me a rg with name South Timothy in location EastUS,"
resource ""azurerm_resource_group"" ""example"" {
    name=""South Timothy""
    location =""EastUS""
}
"
provision me a rg with name Lake Reginald in location NorthCentralUS,"
resource ""azurerm_resource_group"" ""example"" {
    name=""Lake Reginald""
    location =""NorthCentralUS""
}
"
provision me a rg with name Waltermouth in location NorthCentralUS,"
resource ""azurerm_resource_group"" ""example"" {
    name=""Waltermouth""
    location =""NorthCentralUS""
}
"
provision me a rg with name Samuelchester in location SouthCentralUS,"
resource ""azurerm_resource_group"" ""example"" {
    name=""Samuelchester""
    location =""SouthCentralUS""
}
"
provision me a rg with name New Toni in location NorthCentralUS,"
resource ""azurerm_resource_group"" ""example"" {
    name=""New Toni""
    location =""NorthCentralUS""
}
"
provision me a rg with name Westhaven in location EastUS,"
resource ""azurerm_resource_group"" ""example"" {
    name=""Westhaven""
    location =""EastUS""
}
"
provision me a rg with name Calvinton in location EastUS2,"
resource ""azurerm_resource_group"" ""example"" {
    name=""Calvinton""
    location =""EastUS2""
}
"
provision me a rg with name East Alexander in location WestUS,"
resource ""azurerm_resource_group"" ""example"" {
    name=""East Alexander""
    location =""WestUS""
}
"
provision me a rg with name West Wesley in location EastUS2,"
resource ""azurerm_resource_group"" ""example"" {
    name=""West Wesley""
    location =""EastUS2""
}
"
provision me a rg with name South Joseph in location WestUS,"
resource ""azurerm_resource_group"" ""example"" {
    name=""South Joseph""
    location =""WestUS""
}
"
provision me a rg with name East Seth in location SouthCentralUS,"
resource ""azurerm_resource_group"" ""example"" {
    name=""East Seth""
    location =""SouthCentralUS""
}
"
provision me a rg with name East Deborah in location NorthCentralUS,"
resource ""azurerm_resource_group"" ""example"" {
    name=""East Deborah""
    location =""NorthCentralUS""
}
"
provision me a rg with name South Ryanton in location EastUS2,"
resource ""azurerm_resource_group"" ""example"" {
    name=""South Ryanton""
    location =""EastUS2""
}
"
provision me a rg with name North Elizabethfort in location SouthCentralUS,"
resource ""azurerm_resource_group"" ""example"" {
    name=""North Elizabethfort""
    location =""SouthCentralUS""
}
"
provision me a rg with name Jorgeborough in location NorthCentralUS,"
resource ""azurerm_resource_group"" ""example"" {
    name=""Jorgeborough""
    location =""NorthCentralUS""
}
"
provision me a rg with name Davidview in location SouthCentralUS,"
resource ""azurerm_resource_group"" ""example"" {
    name=""Davidview""
    location =""SouthCentralUS""
}
"
provision me a rg with name Loriborough in location EastUS2,"
resource ""azurerm_resource_group"" ""example"" {
    name=""Loriborough""
    location =""EastUS2""
}
"
provision me a rg with name Maysfurt in location WestUS,"
resource ""azurerm_resource_group"" ""example"" {
    name=""Maysfurt""
    location =""WestUS""
}
"
provision me a rg with name East Shawn in location SouthCentralUS,"
resource ""azurerm_resource_group"" ""example"" {
    name=""East Shawn""
    location =""SouthCentralUS""
}
"
provision me a rg with name South Markburgh in location NorthCentralUS,"
resource ""azurerm_resource_group"" ""example"" {
    name=""South Markburgh""
    location =""NorthCentralUS""
}
"
provision me a rg with name New Lisa in location EastUS2,"
resource ""azurerm_resource_group"" ""example"" {
    name=""New Lisa""
    location =""EastUS2""
}
"
provision me a rg with name West Andrewmouth in location EastUS,"
resource ""azurerm_resource_group"" ""example"" {
    name=""West Andrewmouth""
    location =""EastUS""
}
"
provision me a rg with name Vasquezport in location WestUS,"
resource ""azurerm_resource_group"" ""example"" {
    name=""Vasquezport""
    location =""WestUS""
}
"
provision me a rg with name North Stephanieville in location SouthCentralUS,"
resource ""azurerm_resource_group"" ""example"" {
    name=""North Stephanieville""
    location =""SouthCentralUS""
}
"
provision me a rg with name Robinmouth in location EastUS2,"
resource ""azurerm_resource_group"" ""example"" {
    name=""Robinmouth""
    location =""EastUS2""
}
"
provision me a rg with name Caldwellburgh in location SouthCentralUS,"
resource ""azurerm_resource_group"" ""example"" {
    name=""Caldwellburgh""
    location =""SouthCentralUS""
}
"
provision me a rg with name North Taylor in location EastUS,"
resource ""azurerm_resource_group"" ""example"" {
    name=""North Taylor""
    location =""EastUS""
}
"
provision me a rg with name East Kristinbury in location NorthCentralUS,"
resource ""azurerm_resource_group"" ""example"" {
    name=""East Kristinbury""
    location =""NorthCentralUS""
}
"
provision me a rg with name Williamburgh in location EastUS,"
resource ""azurerm_resource_group"" ""example"" {
    name=""Williamburgh""
    location =""EastUS""
}
"
provision me a rg with name West Kathy in location NorthCentralUS,"
resource ""azurerm_resource_group"" ""example"" {
    name=""West Kathy""
    location =""NorthCentralUS""
}
"
provision me a rg with name Brownburgh in location EastUS2,"
resource ""azurerm_resource_group"" ""example"" {
    name=""Brownburgh""
    location =""EastUS2""
}
"
provision me a rg with name Norrisbury in location NorthCentralUS,"
resource ""azurerm_resource_group"" ""example"" {
    name=""Norrisbury""
    location =""NorthCentralUS""
}
"
provision me a rg with name Marcustown in location NorthCentralUS,"
resource ""azurerm_resource_group"" ""example"" {
    name=""Marcustown""
    location =""NorthCentralUS""
}
"
provision me a rg with name Kelseytown in location WestUS,"
resource ""azurerm_resource_group"" ""example"" {
    name=""Kelseytown""
    location =""WestUS""
}
"
provision me a rg with name Wilsonberg in location WestUS,"
resource ""azurerm_resource_group"" ""example"" {
    name=""Wilsonberg""
    location =""WestUS""
}
"
provision me a rg with name North Robertchester in location SouthCentralUS,"
resource ""azurerm_resource_group"" ""example"" {
    name=""North Robertchester""
    location =""SouthCentralUS""
}
"
provision me a rg with name West Heather in location SouthCentralUS,"
resource ""azurerm_resource_group"" ""example"" {
    name=""West Heather""
    location =""SouthCentralUS""
}
"
provision me a rg with name Jacksonton in location EastUS2,"
resource ""azurerm_resource_group"" ""example"" {
    name=""Jacksonton""
    location =""EastUS2""
}
"
provision me a rg with name Nelsonfort in location WestUS,"
resource ""azurerm_resource_group"" ""example"" {
    name=""Nelsonfort""
    location =""WestUS""
}
"
provision me a rg with name East Cynthia in location EastUS2,"
resource ""azurerm_resource_group"" ""example"" {
    name=""East Cynthia""
    location =""EastUS2""
}
"
provision me a rg with name North Sydneyfort in location EastUS2,"
resource ""azurerm_resource_group"" ""example"" {
    name=""North Sydneyfort""
    location =""EastUS2""
}
"
provision me a rg with name Morrischester in location EastUS,"
resource ""azurerm_resource_group"" ""example"" {
    name=""Morrischester""
    location =""EastUS""
}
"
provision me a rg with name South Caitlynhaven in location SouthCentralUS,"
resource ""azurerm_resource_group"" ""example"" {
    name=""South Caitlynhaven""
    location =""SouthCentralUS""
}
"
provision me a rg with name North Jessica in location EastUS,"
resource ""azurerm_resource_group"" ""example"" {
    name=""North Jessica""
    location =""EastUS""
}
"
provision me a rg with name South Laurafort in location EastUS2,"
resource ""azurerm_resource_group"" ""example"" {
    name=""South Laurafort""
    location =""EastUS2""
}
"
provision me a rg with name Scottport in location WestUS,"
resource ""azurerm_resource_group"" ""example"" {
    name=""Scottport""
    location =""WestUS""
}
"
provision me a rg with name South Lanceville in location SouthCentralUS,"
resource ""azurerm_resource_group"" ""example"" {
    name=""South Lanceville""
    location =""SouthCentralUS""
}
"
provision me a rg with name Anthonyside in location EastUS2,"
resource ""azurerm_resource_group"" ""example"" {
    name=""Anthonyside""
    location =""EastUS2""
}
"
provision me a rg with name West Bradley in location SouthCentralUS,"
resource ""azurerm_resource_group"" ""example"" {
    name=""West Bradley""
    location =""SouthCentralUS""
}
"
provision me a rg with name Port Sonya in location EastUS2,"
resource ""azurerm_resource_group"" ""example"" {
    name=""Port Sonya""
    location =""EastUS2""
}
"
provision me a rg with name Hobbsmouth in location WestUS,"
resource ""azurerm_resource_group"" ""example"" {
    name=""Hobbsmouth""
    location =""WestUS""
}
"
provision me a rg with name Bradyville in location WestUS,"
resource ""azurerm_resource_group"" ""example"" {
    name=""Bradyville""
    location =""WestUS""
}
"
provision me a rg with name Port Rachelborough in location SouthCentralUS,"
resource ""azurerm_resource_group"" ""example"" {
    name=""Port Rachelborough""
    location =""SouthCentralUS""
}
"
provision me a rg with name Yatesside in location SouthCentralUS,"
resource ""azurerm_resource_group"" ""example"" {
    name=""Yatesside""
    location =""SouthCentralUS""
}
"
provision me a rg with name Brockborough in location NorthCentralUS,"
resource ""azurerm_resource_group"" ""example"" {
    name=""Brockborough""
    location =""NorthCentralUS""
}
"
provision me a rg with name Snyderberg in location SouthCentralUS,"
resource ""azurerm_resource_group"" ""example"" {
    name=""Snyderberg""
    location =""SouthCentralUS""
}
"
provision me a rg with name North Lisa in location EastUS2,"
resource ""azurerm_resource_group"" ""example"" {
    name=""North Lisa""
    location =""EastUS2""
}
"
provision me a rg with name West Pamela in location EastUS2,"
resource ""azurerm_resource_group"" ""example"" {
    name=""West Pamela""
    location =""EastUS2""
}
"
provision me a rg with name Port Hayley in location EastUS2,"
resource ""azurerm_resource_group"" ""example"" {
    name=""Port Hayley""
    location =""EastUS2""
}
"
provision me a rg with name West Toddville in location SouthCentralUS,"
resource ""azurerm_resource_group"" ""example"" {
    name=""West Toddville""
    location =""SouthCentralUS""
}
"
provision me a rg with name Underwoodborough in location NorthCentralUS,"
resource ""azurerm_resource_group"" ""example"" {
    name=""Underwoodborough""
    location =""NorthCentralUS""
}
"
provision me a rg with name Lake Lisa in location SouthCentralUS,"
resource ""azurerm_resource_group"" ""example"" {
    name=""Lake Lisa""
    location =""SouthCentralUS""
}
"
provision me a rg with name Port Vincent in location NorthCentralUS,"
resource ""azurerm_resource_group"" ""example"" {
    name=""Port Vincent""
    location =""NorthCentralUS""
}
"
provision me a rg with name East Jeanetteport in location NorthCentralUS,"
resource ""azurerm_resource_group"" ""example"" {
    name=""East Jeanetteport""
    location =""NorthCentralUS""
}
"
provision me a rg with name Bennettberg in location EastUS2,"
resource ""azurerm_resource_group"" ""example"" {
    name=""Bennettberg""
    location =""EastUS2""
}
"
provision me a rg with name Chloeshire in location SouthCentralUS,"
resource ""azurerm_resource_group"" ""example"" {
    name=""Chloeshire""
    location =""SouthCentralUS""
}
"
provision me a rg with name Bethfort in location EastUS,"
resource ""azurerm_resource_group"" ""example"" {
    name=""Bethfort""
    location =""EastUS""
}
"
provision me a rg with name Port Derrickview in location EastUS,"
resource ""azurerm_resource_group"" ""example"" {
    name=""Port Derrickview""
    location =""EastUS""
}
"
provision me a rg with name Rileychester in location SouthCentralUS,"
resource ""azurerm_resource_group"" ""example"" {
    name=""Rileychester""
    location =""SouthCentralUS""
}
"
provision me a rg with name West Shelley in location SouthCentralUS,"
resource ""azurerm_resource_group"" ""example"" {
    name=""West Shelley""
    location =""SouthCentralUS""
}
"
provision me a rg with name Stantonshire in location EastUS2,"
resource ""azurerm_resource_group"" ""example"" {
    name=""Stantonshire""
    location =""EastUS2""
}
"
provision me a rg with name North Harold in location EastUS2,"
resource ""azurerm_resource_group"" ""example"" {
    name=""North Harold""
    location =""EastUS2""
}
"
provision me a rg with name Lake Paul in location WestUS,"
resource ""azurerm_resource_group"" ""example"" {
    name=""Lake Paul""
    location =""WestUS""
}
"
provision me a rg with name East Joseph in location EastUS,"
resource ""azurerm_resource_group"" ""example"" {
    name=""East Joseph""
    location =""EastUS""
}
"
provision me a rg with name Carpenterfort in location WestUS,"
resource ""azurerm_resource_group"" ""example"" {
    name=""Carpenterfort""
    location =""WestUS""
}
"
provision me a rg with name Lake Toddview in location SouthCentralUS,"
resource ""azurerm_resource_group"" ""example"" {
    name=""Lake Toddview""
    location =""SouthCentralUS""
}
"
provision me a rg with name East Zacharystad in location WestUS,"
resource ""azurerm_resource_group"" ""example"" {
    name=""East Zacharystad""
    location =""WestUS""
}
"
provision me a rg with name South Jennifer in location EastUS2,"
resource ""azurerm_resource_group"" ""example"" {
    name=""South Jennifer""
    location =""EastUS2""
}
"
provision me a rg with name Darrylhaven in location NorthCentralUS,"
resource ""azurerm_resource_group"" ""example"" {
    name=""Darrylhaven""
    location =""NorthCentralUS""
}
"
provision me a rg with name Port Ashleyside in location EastUS2,"
resource ""azurerm_resource_group"" ""example"" {
    name=""Port Ashleyside""
    location =""EastUS2""
}
"
provision me a rg with name Port Ashleyhaven in location EastUS2,"
resource ""azurerm_resource_group"" ""example"" {
    name=""Port Ashleyhaven""
    location =""EastUS2""
}
"
provision me a rg with name Markmouth in location EastUS,"
resource ""azurerm_resource_group"" ""example"" {
    name=""Markmouth""
    location =""EastUS""
}
"
provision me a rg with name Claytonburgh in location EastUS,"
resource ""azurerm_resource_group"" ""example"" {
    name=""Claytonburgh""
    location =""EastUS""
}
"
provision me a rg with name Bushstad in location EastUS2,"
resource ""azurerm_resource_group"" ""example"" {
    name=""Bushstad""
    location =""EastUS2""
}
"
provision me a rg with name Stevenmouth in location SouthCentralUS,"
resource ""azurerm_resource_group"" ""example"" {
    name=""Stevenmouth""
    location =""SouthCentralUS""
}
"
provision me a rg with name Jimenezfurt in location EastUS,"
resource ""azurerm_resource_group"" ""example"" {
    name=""Jimenezfurt""
    location =""EastUS""
}
"
provision me a rg with name East Amanda in location NorthCentralUS,"
resource ""azurerm_resource_group"" ""example"" {
    name=""East Amanda""
    location =""NorthCentralUS""
}
"
provision me a rg with name South Donna in location EastUS,"
resource ""azurerm_resource_group"" ""example"" {
    name=""South Donna""
    location =""EastUS""
}
"
provision me a rg with name Lake Justin in location EastUS,"
resource ""azurerm_resource_group"" ""example"" {
    name=""Lake Justin""
    location =""EastUS""
}
"
provision me a rg with name North Courtney in location SouthCentralUS,"
resource ""azurerm_resource_group"" ""example"" {
    name=""North Courtney""
    location =""SouthCentralUS""
}
"
provision me a rg with name Port Karen in location NorthCentralUS,"
resource ""azurerm_resource_group"" ""example"" {
    name=""Port Karen""
    location =""NorthCentralUS""
}
"
provision me a rg with name Port Diana in location EastUS,"
resource ""azurerm_resource_group"" ""example"" {
    name=""Port Diana""
    location =""EastUS""
}
"
provision me a rg with name Zamorafurt in location WestUS,"
resource ""azurerm_resource_group"" ""example"" {
    name=""Zamorafurt""
    location =""WestUS""
}
"
provision me a rg with name Thomasstad in location EastUS2,"
resource ""azurerm_resource_group"" ""example"" {
    name=""Thomasstad""
    location =""EastUS2""
}
"
provision me a rg with name Bobbyburgh in location NorthCentralUS,"
resource ""azurerm_resource_group"" ""example"" {
    name=""Bobbyburgh""
    location =""NorthCentralUS""
}
"
provision me a rg with name East Kelly in location SouthCentralUS,"
resource ""azurerm_resource_group"" ""example"" {
    name=""East Kelly""
    location =""SouthCentralUS""
}
"
provision me a rg with name Lake Chelsea in location WestUS,"
resource ""azurerm_resource_group"" ""example"" {
    name=""Lake Chelsea""
    location =""WestUS""
}
"
provision me a rg with name Richardborough in location SouthCentralUS,"
resource ""azurerm_resource_group"" ""example"" {
    name=""Richardborough""
    location =""SouthCentralUS""
}
"
provision me a rg with name Lake Bryan in location WestUS,"
resource ""azurerm_resource_group"" ""example"" {
    name=""Lake Bryan""
    location =""WestUS""
}
"
provision me a rg with name West Jessicahaven in location NorthCentralUS,"
resource ""azurerm_resource_group"" ""example"" {
    name=""West Jessicahaven""
    location =""NorthCentralUS""
}
"
provision me a rg with name Scottstad in location SouthCentralUS,"
resource ""azurerm_resource_group"" ""example"" {
    name=""Scottstad""
    location =""SouthCentralUS""
}
"
provision me a rg with name Jennifershire in location EastUS,"
resource ""azurerm_resource_group"" ""example"" {
    name=""Jennifershire""
    location =""EastUS""
}
"
provision me a rg with name Fergusonberg in location EastUS2,"
resource ""azurerm_resource_group"" ""example"" {
    name=""Fergusonberg""
    location =""EastUS2""
}
"
provision me a rg with name North Haroldchester in location NorthCentralUS,"
resource ""azurerm_resource_group"" ""example"" {
    name=""North Haroldchester""
    location =""NorthCentralUS""
}
"
provision me a rg with name South Debrafort in location SouthCentralUS,"
resource ""azurerm_resource_group"" ""example"" {
    name=""South Debrafort""
    location =""SouthCentralUS""
}
"
provision me a rg with name Davidshire in location EastUS,"
resource ""azurerm_resource_group"" ""example"" {
    name=""Davidshire""
    location =""EastUS""
}
"
provision me a rg with name North Franciscofort in location EastUS,"
resource ""azurerm_resource_group"" ""example"" {
    name=""North Franciscofort""
    location =""EastUS""
}
"
provision me a rg with name Salinasview in location NorthCentralUS,"
resource ""azurerm_resource_group"" ""example"" {
    name=""Salinasview""
    location =""NorthCentralUS""
}
"
provision me a rg with name Thomaschester in location EastUS2,"
resource ""azurerm_resource_group"" ""example"" {
    name=""Thomaschester""
    location =""EastUS2""
}
"
provision me a rg with name Port Lauraside in location SouthCentralUS,"
resource ""azurerm_resource_group"" ""example"" {
    name=""Port Lauraside""
    location =""SouthCentralUS""
}
"
provision me a rg with name West Michaelton in location SouthCentralUS,"
resource ""azurerm_resource_group"" ""example"" {
    name=""West Michaelton""
    location =""SouthCentralUS""
}
"
provision me a rg with name Rebeccatown in location EastUS,"
resource ""azurerm_resource_group"" ""example"" {
    name=""Rebeccatown""
    location =""EastUS""
}
"
provision me a rg with name North Davidfort in location EastUS,"
resource ""azurerm_resource_group"" ""example"" {
    name=""North Davidfort""
    location =""EastUS""
}
"
provision me a rg with name Matthewfurt in location NorthCentralUS,"
resource ""azurerm_resource_group"" ""example"" {
    name=""Matthewfurt""
    location =""NorthCentralUS""
}
"
provision me a rg with name Salasberg in location WestUS,"
resource ""azurerm_resource_group"" ""example"" {
    name=""Salasberg""
    location =""WestUS""
}
"
provision me a rg with name Lake Samanthaton in location WestUS,"
resource ""azurerm_resource_group"" ""example"" {
    name=""Lake Samanthaton""
    location =""WestUS""
}
"
provision me a rg with name Carpentermouth in location NorthCentralUS,"
resource ""azurerm_resource_group"" ""example"" {
    name=""Carpentermouth""
    location =""NorthCentralUS""
}
"
provision me a rg with name Brandonborough in location NorthCentralUS,"
resource ""azurerm_resource_group"" ""example"" {
    name=""Brandonborough""
    location =""NorthCentralUS""
}
"
provision me a rg with name East Martinhaven in location SouthCentralUS,"
resource ""azurerm_resource_group"" ""example"" {
    name=""East Martinhaven""
    location =""SouthCentralUS""
}
"
provision me a rg with name North Nichole in location EastUS,"
resource ""azurerm_resource_group"" ""example"" {
    name=""North Nichole""
    location =""EastUS""
}
"
provision me a rg with name Lake Debra in location SouthCentralUS,"
resource ""azurerm_resource_group"" ""example"" {
    name=""Lake Debra""
    location =""SouthCentralUS""
}
"
provision me a rg with name Lisaville in location EastUS2,"
resource ""azurerm_resource_group"" ""example"" {
    name=""Lisaville""
    location =""EastUS2""
}
"
provision me a rg with name West Jonathonland in location SouthCentralUS,"
resource ""azurerm_resource_group"" ""example"" {
    name=""West Jonathonland""
    location =""SouthCentralUS""
}
"
provision me a rg with name Lake Danielle in location EastUS,"
resource ""azurerm_resource_group"" ""example"" {
    name=""Lake Danielle""
    location =""EastUS""
}
"
provision me a rg with name Gutierrezstad in location WestUS,"
resource ""azurerm_resource_group"" ""example"" {
    name=""Gutierrezstad""
    location =""WestUS""
}
"
provision me a rg with name South Nathan in location SouthCentralUS,"
resource ""azurerm_resource_group"" ""example"" {
    name=""South Nathan""
    location =""SouthCentralUS""
}
"
provision me a rg with name East Christopherstad in location SouthCentralUS,"
resource ""azurerm_resource_group"" ""example"" {
    name=""East Christopherstad""
    location =""SouthCentralUS""
}
"
provision me a rg with name Braunshire in location WestUS,"
resource ""azurerm_resource_group"" ""example"" {
    name=""Braunshire""
    location =""WestUS""
}
"
provision me a rg with name Port Jasonberg in location EastUS2,"
resource ""azurerm_resource_group"" ""example"" {
    name=""Port Jasonberg""
    location =""EastUS2""
}
"
provision me a rg with name Albertfort in location WestUS,"
resource ""azurerm_resource_group"" ""example"" {
    name=""Albertfort""
    location =""WestUS""
}
"
provision me a rg with name Chrischester in location EastUS,"
resource ""azurerm_resource_group"" ""example"" {
    name=""Chrischester""
    location =""EastUS""
}
"
provision me a rg with name West Charles in location EastUS2,"
resource ""azurerm_resource_group"" ""example"" {
    name=""West Charles""
    location =""EastUS2""
}
"
provision me a rg with name Port Kaitlynfurt in location EastUS,"
resource ""azurerm_resource_group"" ""example"" {
    name=""Port Kaitlynfurt""
    location =""EastUS""
}
"
provision me a rg with name North Mindy in location WestUS,"
resource ""azurerm_resource_group"" ""example"" {
    name=""North Mindy""
    location =""WestUS""
}
"
provision me a rg with name West Yvonne in location SouthCentralUS,"
resource ""azurerm_resource_group"" ""example"" {
    name=""West Yvonne""
    location =""SouthCentralUS""
}
"
provision me a rg with name New Ryanhaven in location EastUS,"
resource ""azurerm_resource_group"" ""example"" {
    name=""New Ryanhaven""
    location =""EastUS""
}
"
provision me a rg with name East Joel in location NorthCentralUS,"
resource ""azurerm_resource_group"" ""example"" {
    name=""East Joel""
    location =""NorthCentralUS""
}
"
provision me a rg with name New Charlesmouth in location WestUS,"
resource ""azurerm_resource_group"" ""example"" {
    name=""New Charlesmouth""
    location =""WestUS""
}
"
provision me a rg with name East Jessica in location WestUS,"
resource ""azurerm_resource_group"" ""example"" {
    name=""East Jessica""
    location =""WestUS""
}
"
provision me a rg with name Port Marvin in location WestUS,"
resource ""azurerm_resource_group"" ""example"" {
    name=""Port Marvin""
    location =""WestUS""
}
"
provision me a rg with name North Don in location NorthCentralUS,"
resource ""azurerm_resource_group"" ""example"" {
    name=""North Don""
    location =""NorthCentralUS""
}
"
provision me a rg with name Lake Courtneyfurt in location WestUS,"
resource ""azurerm_resource_group"" ""example"" {
    name=""Lake Courtneyfurt""
    location =""WestUS""
}
"
provision me a rg with name East Gordonstad in location EastUS2,"
resource ""azurerm_resource_group"" ""example"" {
    name=""East Gordonstad""
    location =""EastUS2""
}
"
provision me a rg with name New Samanthashire in location EastUS,"
resource ""azurerm_resource_group"" ""example"" {
    name=""New Samanthashire""
    location =""EastUS""
}
"
provision me a rg with name Lake Christopherbury in location NorthCentralUS,"
resource ""azurerm_resource_group"" ""example"" {
    name=""Lake Christopherbury""
    location =""NorthCentralUS""
}
"
provision me a rg with name Lake Margaretberg in location WestUS,"
resource ""azurerm_resource_group"" ""example"" {
    name=""Lake Margaretberg""
    location =""WestUS""
}
"
provision me a rg with name Ambershire in location WestUS,"
resource ""azurerm_resource_group"" ""example"" {
    name=""Ambershire""
    location =""WestUS""
}
"
provision me a rg with name East Jeffery in location EastUS,"
resource ""azurerm_resource_group"" ""example"" {
    name=""East Jeffery""
    location =""EastUS""
}
"
provision me a rg with name Curtismouth in location EastUS,"
resource ""azurerm_resource_group"" ""example"" {
    name=""Curtismouth""
    location =""EastUS""
}
"
provision me a rg with name Joshuamouth in location SouthCentralUS,"
resource ""azurerm_resource_group"" ""example"" {
    name=""Joshuamouth""
    location =""SouthCentralUS""
}
"
provision me a rg with name Petersborough in location NorthCentralUS,"
resource ""azurerm_resource_group"" ""example"" {
    name=""Petersborough""
    location =""NorthCentralUS""
}
"
provision me a rg with name South Timothyton in location WestUS,"
resource ""azurerm_resource_group"" ""example"" {
    name=""South Timothyton""
    location =""WestUS""
}
"
provision me a rg with name Smithshire in location EastUS2,"
resource ""azurerm_resource_group"" ""example"" {
    name=""Smithshire""
    location =""EastUS2""
}
"
provision me a rg with name Port Jacqueline in location WestUS,"
resource ""azurerm_resource_group"" ""example"" {
    name=""Port Jacqueline""
    location =""WestUS""
}
"
provision me a rg with name New Jenniferfurt in location EastUS2,"
resource ""azurerm_resource_group"" ""example"" {
    name=""New Jenniferfurt""
    location =""EastUS2""
}
"
provision me a rg with name Sotobury in location SouthCentralUS,"
resource ""azurerm_resource_group"" ""example"" {
    name=""Sotobury""
    location =""SouthCentralUS""
}
"
provision me a rg with name Stacyport in location SouthCentralUS,"
resource ""azurerm_resource_group"" ""example"" {
    name=""Stacyport""
    location =""SouthCentralUS""
}
"
provision me a rg with name Lake Paul in location SouthCentralUS,"
resource ""azurerm_resource_group"" ""example"" {
    name=""Lake Paul""
    location =""SouthCentralUS""
}
"
provision me a rg with name Hillfort in location EastUS2,"
resource ""azurerm_resource_group"" ""example"" {
    name=""Hillfort""
    location =""EastUS2""
}
"
provision me a rg with name Heatherhaven in location EastUS,"
resource ""azurerm_resource_group"" ""example"" {
    name=""Heatherhaven""
    location =""EastUS""
}
"
provision me a rg with name Samanthaview in location EastUS2,"
resource ""azurerm_resource_group"" ""example"" {
    name=""Samanthaview""
    location =""EastUS2""
}
"
provision me a rg with name South Alanport in location NorthCentralUS,"
resource ""azurerm_resource_group"" ""example"" {
    name=""South Alanport""
    location =""NorthCentralUS""
}
"
provision me a rg with name Lake Robert in location EastUS2,"
resource ""azurerm_resource_group"" ""example"" {
    name=""Lake Robert""
    location =""EastUS2""
}
"
provision me a rg with name Nathanview in location NorthCentralUS,"
resource ""azurerm_resource_group"" ""example"" {
    name=""Nathanview""
    location =""NorthCentralUS""
}
"
provision me a rg with name Delgadoberg in location SouthCentralUS,"
resource ""azurerm_resource_group"" ""example"" {
    name=""Delgadoberg""
    location =""SouthCentralUS""
}
"
provision me a rg with name Heatherton in location EastUS,"
resource ""azurerm_resource_group"" ""example"" {
    name=""Heatherton""
    location =""EastUS""
}
"
provision me a rg with name Watkinstown in location SouthCentralUS,"
resource ""azurerm_resource_group"" ""example"" {
    name=""Watkinstown""
    location =""SouthCentralUS""
}
"
provision me a rg with name North Meganton in location WestUS,"
resource ""azurerm_resource_group"" ""example"" {
    name=""North Meganton""
    location =""WestUS""
}
"
provision me a rg with name Jeremyberg in location WestUS,"
resource ""azurerm_resource_group"" ""example"" {
    name=""Jeremyberg""
    location =""WestUS""
}
"
provision me a rg with name Payneborough in location SouthCentralUS,"
resource ""azurerm_resource_group"" ""example"" {
    name=""Payneborough""
    location =""SouthCentralUS""
}
"
provision me a rg with name East Jordanport in location EastUS2,"
resource ""azurerm_resource_group"" ""example"" {
    name=""East Jordanport""
    location =""EastUS2""
}
"
provision me a rg with name Port Richardfort in location EastUS2,"
resource ""azurerm_resource_group"" ""example"" {
    name=""Port Richardfort""
    location =""EastUS2""
}
"
provision me a rg with name East Daniel in location EastUS2,"
resource ""azurerm_resource_group"" ""example"" {
    name=""East Daniel""
    location =""EastUS2""
}
"
provision me a rg with name Port Frank in location NorthCentralUS,"
resource ""azurerm_resource_group"" ""example"" {
    name=""Port Frank""
    location =""NorthCentralUS""
}
"
provision me a rg with name Brownshire in location EastUS,"
resource ""azurerm_resource_group"" ""example"" {
    name=""Brownshire""
    location =""EastUS""
}
"
provision me a rg with name Vasquezfurt in location NorthCentralUS,"
resource ""azurerm_resource_group"" ""example"" {
    name=""Vasquezfurt""
    location =""NorthCentralUS""
}
"
provision me a rg with name Williambury in location WestUS,"
resource ""azurerm_resource_group"" ""example"" {
    name=""Williambury""
    location =""WestUS""
}
"
provision me a rg with name Carterborough in location EastUS2,"
resource ""azurerm_resource_group"" ""example"" {
    name=""Carterborough""
    location =""EastUS2""
}
"
provision me a rg with name Lake Michael in location EastUS2,"
resource ""azurerm_resource_group"" ""example"" {
    name=""Lake Michael""
    location =""EastUS2""
}
"
provision me a rg with name East John in location NorthCentralUS,"
resource ""azurerm_resource_group"" ""example"" {
    name=""East John""
    location =""NorthCentralUS""
}
"
provision me a rg with name Hardinfurt in location WestUS,"
resource ""azurerm_resource_group"" ""example"" {
    name=""Hardinfurt""
    location =""WestUS""
}
"
provision me a rg with name Port Rachel in location EastUS,"
resource ""azurerm_resource_group"" ""example"" {
    name=""Port Rachel""
    location =""EastUS""
}
"
provision me a rg with name East Gloriaberg in location SouthCentralUS,"
resource ""azurerm_resource_group"" ""example"" {
    name=""East Gloriaberg""
    location =""SouthCentralUS""
}
"
provision me a rg with name North Andrew in location WestUS,"
resource ""azurerm_resource_group"" ""example"" {
    name=""North Andrew""
    location =""WestUS""
}
"
provision me a rg with name Derrickborough in location NorthCentralUS,"
resource ""azurerm_resource_group"" ""example"" {
    name=""Derrickborough""
    location =""NorthCentralUS""
}
"
provision me a rg with name Bellchester in location SouthCentralUS,"
resource ""azurerm_resource_group"" ""example"" {
    name=""Bellchester""
    location =""SouthCentralUS""
}
"
provision me a rg with name Port Kelly in location EastUS2,"
resource ""azurerm_resource_group"" ""example"" {
    name=""Port Kelly""
    location =""EastUS2""
}
"
provision me a rg with name New Sydneyport in location EastUS2,"
resource ""azurerm_resource_group"" ""example"" {
    name=""New Sydneyport""
    location =""EastUS2""
}
"
provision me a rg with name Nancyshire in location SouthCentralUS,"
resource ""azurerm_resource_group"" ""example"" {
    name=""Nancyshire""
    location =""SouthCentralUS""
}
"
provision me a rg with name Sanchezborough in location NorthCentralUS,"
resource ""azurerm_resource_group"" ""example"" {
    name=""Sanchezborough""
    location =""NorthCentralUS""
}
"
provision me a rg with name Lake Jeremy in location EastUS,"
resource ""azurerm_resource_group"" ""example"" {
    name=""Lake Jeremy""
    location =""EastUS""
}
"
provision me a rg with name Smithshire in location EastUS,"
resource ""azurerm_resource_group"" ""example"" {
    name=""Smithshire""
    location =""EastUS""
}
"
provision me a rg with name Amberbury in location NorthCentralUS,"
resource ""azurerm_resource_group"" ""example"" {
    name=""Amberbury""
    location =""NorthCentralUS""
}
"
provision me a rg with name Burtonbury in location WestUS,"
resource ""azurerm_resource_group"" ""example"" {
    name=""Burtonbury""
    location =""WestUS""
}
"
provision me a rg with name Port Richard in location NorthCentralUS,"
resource ""azurerm_resource_group"" ""example"" {
    name=""Port Richard""
    location =""NorthCentralUS""
}
"
provision me a rg with name South Rebeccaborough in location SouthCentralUS,"
resource ""azurerm_resource_group"" ""example"" {
    name=""South Rebeccaborough""
    location =""SouthCentralUS""
}
"
provision me a rg with name West Denise in location EastUS2,"
resource ""azurerm_resource_group"" ""example"" {
    name=""West Denise""
    location =""EastUS2""
}
"
provision me a rg with name New Jennifer in location EastUS,"
resource ""azurerm_resource_group"" ""example"" {
    name=""New Jennifer""
    location =""EastUS""
}
"
provision me a rg with name Royside in location EastUS2,"
resource ""azurerm_resource_group"" ""example"" {
    name=""Royside""
    location =""EastUS2""
}
"
provision me a rg with name New Joanview in location NorthCentralUS,"
resource ""azurerm_resource_group"" ""example"" {
    name=""New Joanview""
    location =""NorthCentralUS""
}
"
provision me a rg with name South Tracy in location EastUS2,"
resource ""azurerm_resource_group"" ""example"" {
    name=""South Tracy""
    location =""EastUS2""
}
"
provision me a rg with name Onealfurt in location WestUS,"
resource ""azurerm_resource_group"" ""example"" {
    name=""Onealfurt""
    location =""WestUS""
}
"
provision me a rg with name Stephanieland in location EastUS,"
resource ""azurerm_resource_group"" ""example"" {
    name=""Stephanieland""
    location =""EastUS""
}
"
provision me a rg with name Kleinborough in location NorthCentralUS,"
resource ""azurerm_resource_group"" ""example"" {
    name=""Kleinborough""
    location =""NorthCentralUS""
}
"
provision me a rg with name Rodriguezmouth in location WestUS,"
resource ""azurerm_resource_group"" ""example"" {
    name=""Rodriguezmouth""
    location =""WestUS""
}
"
provision me a rg with name Wilsonville in location EastUS2,"
resource ""azurerm_resource_group"" ""example"" {
    name=""Wilsonville""
    location =""EastUS2""
}
"
provision me a rg with name South Melissaton in location EastUS,"
resource ""azurerm_resource_group"" ""example"" {
    name=""South Melissaton""
    location =""EastUS""
}
"
provision me a rg with name South Sean in location WestUS,"
resource ""azurerm_resource_group"" ""example"" {
    name=""South Sean""
    location =""WestUS""
}
"
provision me a rg with name Lake Ian in location WestUS,"
resource ""azurerm_resource_group"" ""example"" {
    name=""Lake Ian""
    location =""WestUS""
}
"
provision me a rg with name Penaton in location SouthCentralUS,"
resource ""azurerm_resource_group"" ""example"" {
    name=""Penaton""
    location =""SouthCentralUS""
}
"
provision me a rg with name Weissberg in location EastUS2,"
resource ""azurerm_resource_group"" ""example"" {
    name=""Weissberg""
    location =""EastUS2""
}
"
provision me a rg with name Lake Kayla in location EastUS,"
resource ""azurerm_resource_group"" ""example"" {
    name=""Lake Kayla""
    location =""EastUS""
}
"
provision me a rg with name Terrellberg in location EastUS,"
resource ""azurerm_resource_group"" ""example"" {
    name=""Terrellberg""
    location =""EastUS""
}
"
provision me a rg with name Murrayhaven in location EastUS2,"
resource ""azurerm_resource_group"" ""example"" {
    name=""Murrayhaven""
    location =""EastUS2""
}
"
provision me a rg with name Cristianberg in location SouthCentralUS,"
resource ""azurerm_resource_group"" ""example"" {
    name=""Cristianberg""
    location =""SouthCentralUS""
}
"
provision me a rg with name Emmabury in location EastUS2,"
resource ""azurerm_resource_group"" ""example"" {
    name=""Emmabury""
    location =""EastUS2""
}
"
provision me a rg with name South Emilyside in location SouthCentralUS,"
resource ""azurerm_resource_group"" ""example"" {
    name=""South Emilyside""
    location =""SouthCentralUS""
}
"
provision me a rg with name Adamside in location SouthCentralUS,"
resource ""azurerm_resource_group"" ""example"" {
    name=""Adamside""
    location =""SouthCentralUS""
}
"
provision me a rg with name East Conniestad in location EastUS2,"
resource ""azurerm_resource_group"" ""example"" {
    name=""East Conniestad""
    location =""EastUS2""
}
"
provision me a rg with name Jodybury in location WestUS,"
resource ""azurerm_resource_group"" ""example"" {
    name=""Jodybury""
    location =""WestUS""
}
"
provision me a rg with name Farleyside in location EastUS2,"
resource ""azurerm_resource_group"" ""example"" {
    name=""Farleyside""
    location =""EastUS2""
}
"
provision me a rg with name West Robert in location NorthCentralUS,"
resource ""azurerm_resource_group"" ""example"" {
    name=""West Robert""
    location =""NorthCentralUS""
}
"
provision me a rg with name New Rickeyshire in location EastUS2,"
resource ""azurerm_resource_group"" ""example"" {
    name=""New Rickeyshire""
    location =""EastUS2""
}
"
provision me a rg with name Townsendburgh in location NorthCentralUS,"
resource ""azurerm_resource_group"" ""example"" {
    name=""Townsendburgh""
    location =""NorthCentralUS""
}
"
provision me a rg with name Port Melissaside in location WestUS,"
resource ""azurerm_resource_group"" ""example"" {
    name=""Port Melissaside""
    location =""WestUS""
}
"
provision me a rg with name Espinozachester in location SouthCentralUS,"
resource ""azurerm_resource_group"" ""example"" {
    name=""Espinozachester""
    location =""SouthCentralUS""
}
"
provision me a rg with name Rogersville in location EastUS2,"
resource ""azurerm_resource_group"" ""example"" {
    name=""Rogersville""
    location =""EastUS2""
}
"
provision me a rg with name Cookburgh in location WestUS,"
resource ""azurerm_resource_group"" ""example"" {
    name=""Cookburgh""
    location =""WestUS""
}
"
provision me a rg with name Brandiville in location EastUS2,"
resource ""azurerm_resource_group"" ""example"" {
    name=""Brandiville""
    location =""EastUS2""
}
"
provision me a rg with name East Amanda in location EastUS2,"
resource ""azurerm_resource_group"" ""example"" {
    name=""East Amanda""
    location =""EastUS2""
}
"
provision me a rg with name North Natalie in location EastUS2,"
resource ""azurerm_resource_group"" ""example"" {
    name=""North Natalie""
    location =""EastUS2""
}
"
provision me a rg with name North Mandy in location SouthCentralUS,"
resource ""azurerm_resource_group"" ""example"" {
    name=""North Mandy""
    location =""SouthCentralUS""
}
"
provision me a rg with name Jessicamouth in location WestUS,"
resource ""azurerm_resource_group"" ""example"" {
    name=""Jessicamouth""
    location =""WestUS""
}
"
provision me a rg with name New Michael in location NorthCentralUS,"
resource ""azurerm_resource_group"" ""example"" {
    name=""New Michael""
    location =""NorthCentralUS""
}
"
provision me a rg with name New Micheletown in location NorthCentralUS,"
resource ""azurerm_resource_group"" ""example"" {
    name=""New Micheletown""
    location =""NorthCentralUS""
}
"
provision me a rg with name Fosterport in location EastUS,"
resource ""azurerm_resource_group"" ""example"" {
    name=""Fosterport""
    location =""EastUS""
}
"
provision me a rg with name Billyport in location EastUS2,"
resource ""azurerm_resource_group"" ""example"" {
    name=""Billyport""
    location =""EastUS2""
}
"
provision me a rg with name Richardfurt in location NorthCentralUS,"
resource ""azurerm_resource_group"" ""example"" {
    name=""Richardfurt""
    location =""NorthCentralUS""
}
"
provision me a rg with name Edwardville in location WestUS,"
resource ""azurerm_resource_group"" ""example"" {
    name=""Edwardville""
    location =""WestUS""
}
"
provision me a rg with name Brianfurt in location EastUS,"
resource ""azurerm_resource_group"" ""example"" {
    name=""Brianfurt""
    location =""EastUS""
}
"
provision me a rg with name Brownborough in location NorthCentralUS,"
resource ""azurerm_resource_group"" ""example"" {
    name=""Brownborough""
    location =""NorthCentralUS""
}
"
provision me a rg with name Burnettview in location EastUS2,"
resource ""azurerm_resource_group"" ""example"" {
    name=""Burnettview""
    location =""EastUS2""
}
"
